162
833
294
387
616
527
434
926
543
707
788
554
76
916
795
682
422
320
20
199
170
134
123
194
321
104
356
497
153
895
677
764
344
567
234
438
468
607
590
896
609
180
229
544
406
686
75
604
125
370
965
307
908
211
683
555
796
687
226
122
827
575
673
608
293
197
21
648
661
776
259
724
393
408
314
428
842
832
154
85
644
124
263
430
174
362
254
426
647
196
516
672
241
738
99
360
52
479
51
368
771
161
705
862
573
313
699
956
890
584
455
465
758
588
83
410
964
540
695
388
37
585
551
618
142
186
892
772
79
894
437
67
943
691
957
26
878
446
359
309
305
749
968
508
678
848
917
244
429
881
615
274
741
272
961
298
655
515
994
845
579
138
336
248
474
718
610
732
627
725
747
752
46
312
651
94
457
684
172
734
535
578
657
636
519
376
706
675
127
323
998
652
88
736
931
834
762
887
327
231
955
813
484
509
800
297
500
324
348
165
670
839
69
550
906
271
82
546
66
77
504
84
415
622
204
690
594
454
282
626
469
382
318
814
15
5
979
414
341
789
816
201
790
914
17
582
232
977
267
87
349
280
289
326
659
200
159
545
390
442
206
666
129
664
729
325
258
728
399
30
342
292
431
792
190
486
781
577
632
432
128
969
840
157
74
628
885
40
275
993
855
511
86
212
735
973
340
118
910
557
802
746
958
411
181
487
891
3
485
962
189
460
518
722
352
355
335
419
761
671
696
147
249
812
230
175
498
658
334
731
243
207
804
377
938
480
864
854
702
160
753
924
976
317
369
148
443
642
843
811
477
250
817
53
184
716
421
89
416
407
794
195
18
617
59
470
475
625
989
835
911
183
110
27
533
565
877
386
55
640
900
689
613
525
576
805
963
654
645
310
10
217
168
980
649
799
947
809
639
400
145
692
265
539
71
256
39
8
635
351
493
290
114
928
58
63
224
532
284
192
130
720
620
1000
558
541
997
167
48
111
372
202
886
337
740
991
982
149
296
240
44
572
384
391
866
251
865
276
873
552
191
925
405
549
291
517
80
146
984
140
235
315
365
824
488
872
899
472
560
522
188
619
299
380
269
988
638
786
876
260
996
481
343
933
332
703
300
109
50
553
451
923
660
363
586
785
739
701
920
700
219
797
92
222
534
137
209
536
708
756
591
476
838
43
132
389
403
743
856
42
656
395
949
115
587
600
836
108
33
559
704
847
798
596
714
528
155
225
927
139
1
103
930
218
119
759
630
791
113
215
255
23
221
937
490
144
757
502
31
447
750
837
726
737
471
494
302
951
482
751
844
841
311
7
375
641
779
242
179
361
210
830
102
713
849
679
601
978
281
529
398
667
374
62
440
301
373
73
288
663
22
889
871
227
245
366
458
506
623
922
433
383
322
166
238
24
820
409
304
646
818
392
846
136
453
270
859
566
105
101
164
715
941
829
831
934
381
888
253
793
64
662
173
439
777
264
599
268
904
35
884
93
279
169
860
770
563
285
631
339
445
561
496
193
97
295
629
595
56
239
303
801
624
721
966
367
967
614
503
319
463
597
397
643
823
760
151
29
669
152
418
60
346
510
562
12
774
598
883
223
564
329
668
983
187
464
483
198
730
693
237
918
763
266
828
780
981
14
413
950
420
807
72
394
898
354
803
858
68
946
773
650
499
81
717
606
568
870
942
246
782
589
286
178
602
548
815
448
25
755
857
940
611
932
513
592
495
2
711
992
901
65
120
95
278
171
257
347
875
709
825
427
822
252
869
778
874
452
501
507
371
909
158
16
571
972
236
775
893
412
953
214
28
903
41
90
176
116
133
401
974
345
653
331
316
385
863
423
783
462
990
769
676
919
91
449
6
330
117
473
727
19
897
96
935
569
954
350
880
54
49
126
851
913
583
9
912
70
57
945
150
287
177
526
826
461
466
425
819
985
273
34
185
143
902
748
205
358
612
121
787
852
821
378
939
944
4
505
459
478
742
262
975
514
581
634
605
489
754
948
547
333
417
570
61
435
538
308
357
364
36
247
277
328
32
436
766
13
78
959
698
456
306
674
441
353
233
745
520
228
633
999
637
424
688
492
810
694
163
404
621
710
531
47
580
203
106
216
45
38
523
542
338
879
574
512
131
744
853
467
915
135
905
213
208
697
220
98
537
681
450
929
156
530
861
107
882
723
11
970
767
261
402
100
680
712
719
444
960
112
593
868
379
806
733
995
603
491
971
556
768
936
141
182
921
396
521
765
784
850
986
685
952
283
907
524
665
808
867
987
