1673
1228
1975
733
1883
1193
273
213
1833
917
523
287
216
1056
1568
560
450
356
350
578
1659
629
1727
91
1469
382
1774
1391
1849
198
1935
1958
1584
140
1129
314
1539
316
19
86
1948
1202
1100
90
1586
1965
1718
1925
1843
1194
675
1851
1384
1039
713
1049
601
1413
1119
533
1107
903
1148
878
1952
1989
1448
574
72
77
640
493
1266
1752
828
1560
18
485
657
863
1779
1884
224
1152
289
1108
1986
243
1794
1054
1332
1164
1852
42
361
293
1235
534
1743
711
1820
541
1760
175
1272
1324
1200
1493
1155
434
1442
1008
301
1763
911
278
551
839
1147
901
1609
556
1565
492
1620
1304
784
196
285
1697
596
1009
724
1738
1275
1302
1599
572
1815
1654
1358
1025
258
1921
93
1725
1790
1758
107
730
240
127
698
203
849
282
1045
1172
1594
1168
150
741
1524
1676
841
1225
277
1961
1312
1777
924
330
643
1598
1877
1038
582
1706
642
727
1981
1693
181
1434
1327
1842
1855
1990
1482
618
446
236
677
1963
783
1144
1510
368
377
155
429
1471
504
1534
1355
875
476
79
163
379
1692
1051
1067
732
81
352
51
112
707
109
21
726
3
1653
1675
950
902
1707
1575
1473
477
253
1514
250
1048
585
92
1583
887
921
1031
300
897
1998
425
1789
941
1247
1799
1722
106
66
623
1419
1537
896
259
922
1273
631
883
33
656
190
681
1070
1475
1378
1061
1781
1223
1499
284
598
925
1055
728
500
12
1834
1916
1425
1518
327
395
357
248
246
575
554
1089
1154
550
819
870
5
517
1301
1157
1404
1137
655
11
1769
179
996
760
1242
1124
121
1171
638
116
809
1695
1603
143
1170
1719
1828
768
1198
1020
505
1435
782
129
1838
1943
344
1215
1001
1959
1083
1117
1977
1013
444
1032
900
67
624
267
706
401
1780
763
1767
964
778
1973
1811
1015
1635
1589
212
1934
710
1861
773
649
803
292
1911
1970
1249
1440
331
1734
1512
1178
600
507
290
1655
843
156
1427
1871
747
742
1827
1103
702
695
1617
684
1597
1489
416
123
1122
462
607
1787
1461
769
1885
1380
299
832
317
65
1773
1917
812
389
1179
1720
1062
1628
1363
1559
1656
10
998
20
751
882
1219
1995
1338
1491
63
186
1636
1804
1373
1444
1577
1243
1520
1308
915
422
679
217
347
1987
499
491
833
1329
1081
1278
776
461
149
792
423
338
1256
1778
991
84
1867
1145
1109
729
1562
180
1250
651
756
1321
518
1657
886
61
703
1014
1946
805
1251
790
1132
959
503
804
1876
414
1106
895
170
1798
1394
87
108
1733
746
1679
201
1398
1188
1180
690
169
1185
590
1652
1590
64
569
479
1181
1071
1466
1648
1886
233
1889
717
459
177
810
1472
1065
1669
767
464
255
1694
697
1141
1968
1535
929
417
400
1536
1690
329
1703
1220
392
984
722
885
1328
1138
1118
1880
1955
654
427
1531
1113
1383
1776
1481
757
1563
942
117
770
592
394
780
766
386
1631
973
393
120
489
1967
1964
796
1287
516
313
1
1370
1230
1498
1044
447
807
404
1351
305
647
480
1647
245
1578
1320
1216
1011
842
1748
1744
288
1896
665
1490
1104
1409
205
1613
339
824
312
27
113
271
1872
1740
1747
1937
1390
1477
787
626
740
1037
1460
497
1819
1857
545
118
390
1571
1732
49
531
1992
637
1890
1335
1893
2
709
1681
1396
358
432
1853
466
561
802
1333
664
989
761
584
1349
230
1651
1208
1487
1770
1322
1162
1377
527
168
494
1638
437
73
1286
1426
1160
25
183
1445
481
1840
794
452
815
1366
992
1506
1098
943
1785
142
54
1723
80
1523
484
762
1887
1232
122
1393
1024
1263
45
1019
979
955
1616
1980
1265
1142
953
1026
1664
335
1294
1814
1931
1953
1342
1423
1862
166
666
408
195
1253
1754
1353
1634
141
1459
775
749
892
1546
538
242
1944
621
1347
1611
1050
968
993
1036
1500
1908
266
1345
1218
1012
274
1101
204
340
1403
415
421
1608
1526
1131
1047
1410
256
1455
311
260
1295
1595
835
200
663
936
636
793
1229
960
1502
1078
1201
529
530
990
159
1173
8
341
178
1297
588
1665
41
1385
635
286
506
1367
718
1816
354
1091
720
1806
239
472
1309
262
1105
1387
353
862
840
701
521
376
1639
1126
1146
1745
715
402
1231
470
1891
208
627
632
151
1605
1775
1339
1375
1533
1271
981
1082
954
820
15
1913
1492
24
668
565
867
1021
1530
307
146
1431
639
1974
1829
526
58
40
1254
32
1400
625
739
509
1618
411
189
430
549
866
332
1513
1239
731
641
399
1069
1040
962
825
130
154
1133
971
1505
276
1002
471
1658
1509
938
1268
1415
1420
1888
359
474
566
348
1878
412
540
1317
257
1985
1928
822
1331
306
969
671
199
235
853
947
994
1453
4
1709
674
1772
1846
1269
1822
302
1847
162
435
1848
1879
1315
1902
251
295
94
70
1084
1314
463
1041
986
1737
1548
1496
1882
583
89
375
1177
1854
1189
1951
889
1149
716
834
1343
830
7
1962
454
1993
1904
1615
1151
346
791
1538
1280
498
999
1503
483
1110
1326
207
355
1074
905
1034
1204
949
1072
1402
1572
956
1591
1796
373
630
1574
808
174
1661
1783
1236
1602
1835
1556
553
1158
1957
1470
1731
873
543
1662
1764
265
59
735
1003
1296
1073
1629
1540
370
218
1016
237
221
1736
101
1090
1035
1293
1096
1906
1850
952
1927
685
648
1633
708
876
1994
997
1581
1784
1918
846
1288
76
468
1030
1522
536
202
1140
734
859
153
1057
1018
1111
1566
1930
1121
1956
1452
851
918
1480
457
160
1739
1307
1755
1821
36
1197
383
944
1262
1544
105
1685
1996
1678
75
294
1823
789
365
1446
965
1557
279
661
978
191
602
786
496
455
1206
1915
407
1687
428
599
1983
1924
848
1686
378
847
433
1786
983
1465
755
689
1497
1161
1715
14
1128
528
1187
1830
1570
1134
1803
1550
192
133
1085
558
1270
225
1859
28
752
1305
1642
1406
764
1159
467
1068
1233
1259
1751
1831
1319
772
475
1284
1960
98
811
1112
1898
646
252
1298
559
1346
229
501
1762
403
908
1689
977
1680
927
1788
1511
1933
1238
1388
1414
1824
214
877
571
334
1389
1567
857
933
1281
1700
673
525
680
771
622
1386
438
524
1991
135
1614
495
9
1585
1095
30
336
1360
562
1099
1756
1120
209
1464
692
974
283
682
1153
514
1668
1897
1582
736
1184
1528
817
831
988
324
1237
552
291
537
1682
586
1369
1217
1443
1766
1976
909
1569
1907
318
1300
1094
966
758
1330
440
1564
696
308
53
1735
1593
369
50
320
1837
1630
1812
1543
987
1663
1022
1401
691
176
547
615
222
932
1808
328
785
975
874
1926
0
1741
234
1841
1007
303
1264
1592
1416
1059
884
226
1547
136
1077
587
1988
115
152
1683
1255
1721
1182
754
568
52
985
1782
1604
1336
1214
182
185
144
1966
1079
69
1984
1696
854
806
923
1949
669
748
1909
1997
616
1558
1240
1643
1192
490
1714
114
486
580
1299
881
297
103
74
861
1516
102
1436
478
860
1501
818
391
319
1644
957
1116
1845
634
46
1901
1359
1454
362
1088
1619
725
1702
1713
1000
488
1053
512
349
548
161
167
381
788
35
513
1277
604
1485
591
1807
1527
147
532
1607
743
1771
658
972
145
187
1839
1704
1156
1864
1292
1495
1795
577
1283
1063
838
519
1467
1424
1624
364
982
1947
1765
1623
798
1186
610
270
1221
1610
309
1449
1303
436
1354
1612
759
1903
1856
864
1750
672
310
405
1064
125
1699
1622
231
173
1899
869
1175
1060
888
164
1438
1274
1941
1257
1517
1374
1433
1468
1364
22
269
688
1809
1195
700
1004
1728
1895
1212
1900
570
1136
907
388
374
1922
1626
1716
322
573
567
482
1813
1258
1029
148
699
1667
937
1458
799
1486
1190
1311
563
515
686
1289
1999
1457
579
1914
1006
1207
1726
1139
304
535
206
611
1165
323
1710
188
890
719
1017
1698
56
620
606
1066
774
215
1484
134
44
439
1860
1261
228
1817
97
39
418
1456
1671
976
1357
43
1408
1708
1674
1399
1800
1529
1724
508
95
441
1717
619
62
351
254
894
1224
1863
1234
801
1805
1802
171
1476
100
138
1701
1729
247
1176
321
398
1167
1545
448
1076
1429
779
1939
662
1971
1942
1241
1267
970
1245
1428
1488
426
1978
449
55
872
1969
893
542
1954
431
899
249
1979
1127
850
800
1291
372
1792
1866
650
128
1601
912
1905
210
1027
1972
1508
241
617
37
23
420
948
928
1441
1641
1870
913
738
1627
60
1411
1600
244
609
826
1950
453
165
1371
1087
1936
1579
487
1791
1285
1318
1365
1646
1130
139
1310
608
744
544
473
1797
916
363
1940
723
1439
564
821
1573
576
1437
1660
13
1196
1825
1348
1920
1432
281
1350
946
1412
1507
360
1580
765
409
1376
1244
1097
1632
939
868
1356
1260
1313
343
1102
1183
1114
1826
99
1666
1945
1532
522
6
1753
458
1248
469
1649
424
1405
413
1227
1596
1092
31
1521
1023
26
1757
628
268
865
1226
1868
47
660
1912
275
914
1046
342
131
1606
1169
963
858
1422
1844
827
1381
1462
1372
315
1344
1093
78
280
1874
85
714
211
119
1730
1554
1397
227
721
1052
1075
1252
1621
844
1684
261
1875
1553
593
223
384
1392
1337
1150
1711
678
1463
1637
68
1382
829
1450
1451
1033
1576
38
603
1810
1555
910
871
1447
296
1645
1705
1552
1561
940
934
1759
326
443
1209
1279
325
1742
777
502
961
704
1362
1334
71
82
652
1115
995
1881
1793
1761
823
220
88
1323
1892
124
589
1395
945
104
614
1894
1587
880
1869
1123
1519
17
396
460
520
795
1938
1588
1199
712
1325
1028
1858
557
1316
546
1688
385
158
1691
1163
781
371
845
919
1746
926
263
137
797
1211
1479
1483
1210
1042
1625
1276
232
613
1368
694
920
1672
667
967
272
1749
931
132
34
1341
1677
380
1932
837
1818
1478
951
126
581
980
930
1549
597
958
836
1650
1058
1174
193
172
1929
510
83
387
1515
1135
904
419
57
366
29
1352
1005
1213
1361
1542
814
219
1125
644
1290
1873
1203
595
465
659
935
898
737
856
612
397
1306
653
683
633
670
816
406
511
298
855
456
1191
442
184
605
879
1865
1919
1166
1768
410
745
48
1551
1282
1418
1430
1494
1421
445
1923
906
337
676
1143
96
1836
852
110
1010
333
1910
1407
1640
1043
197
813
345
1417
264
1222
1801
705
367
1340
594
891
1086
1982
555
1832
1670
111
1080
194
157
1525
1246
238
1504
1541
16
1379
693
1712
750
645
539
687
451
1205
1474
753
