120
205
42
184
249
132
104
130
114
77
48
25
148
122
96
101
43
107
170
56
17
24
55
175
72
124
41
3
16
216
29
109
158
241
247
245
36
182
208
125
18
165
2
82
220
97
246
233
191
6
218
166
69
15
79
76
173
27
228
75
155
213
78
144
65
44
73
31
19
103
112
217
222
231
38
92
0
39
127
226
193
200
123
60
194
137
10
174
63
177
68
33
151
23
91
94
84
46
153
199
100
117
185
49
183
239
192
181
179
74
178
225
234
54
40
160
196
242
110
211
20
66
67
140
212
86
142
50
219
135
28
99
235
102
189
195
34
227
13
141
88
136
197
168
30
240
147
108
236
128
171
45
118
156
61
180
111
7
209
21
161
85
62
163
90
11
4
152
149
37
64
162
134
232
167
206
106
53
145
229
116
237
221
87
32
238
203
71
98
214
126
146
121
57
93
26
143
58
95
12
154
169
133
51
1
202
9
244
115
80
224
201
204
187
223
150
131
164
5
248
176
210
14
83
172
215
89
207
70
138
188
119
52
81
105
129
113
190
198
159
139
186
59
22
230
47
157
243
8
35
