1705
567
1704
1345
2493
3628
1458
2815
2830
2509
2058
1083
3512
95
2637
374
3284
2377
2230
2590
12
791
2086
869
1987
1804
1237
763
3178
1443
3551
3927
371
2904
3558
2953
2483
3994
3977
850
770
3996
332
2220
2911
2796
294
3058
1510
2569
743
840
2018
610
902
3205
176
2042
2910
482
3489
2321
524
3536
847
594
2685
3922
2489
2531
3475
2247
32
3740
183
3406
172
1563
2440
2545
1726
831
359
953
136
1410
2946
3501
3736
2795
832
1079
3370
2457
3274
1436
349
3836
3147
1437
3175
3063
2273
2224
3838
2127
109
2554
1794
729
2507
659
2110
792
554
693
1189
3188
2671
3947
1751
3812
127
3192
238
3717
797
2134
450
2844
122
1882
27
2706
2741
1622
1929
3531
2392
2790
304
3151
778
41
1333
2782
1683
2823
2786
1940
2487
1050
376
2618
1392
3644
2239
79
468
2804
2367
1509
3184
1429
1829
268
3938
1669
2742
631
534
2799
3070
839
1204
3375
2244
985
2682
2653
3647
1063
3753
397
3983
3006
1618
2076
625
1258
471
211
3075
927
3132
952
2154
2644
2570
360
2606
1979
1948
2800
1675
2932
77
1506
3263
2003
3299
3784
3454
1101
28
1899
3372
3766
236
246
762
1695
1417
1715
459
2769
1773
2455
2008
1753
2864
3312
2333
2492
1008
382
2228
283
39
385
2499
1766
2334
74
3819
3155
2947
1689
3247
342
2841
590
1166
2732
3326
3685
1924
1520
3091
217
974
3664
3889
3988
1495
1482
108
1889
3309
2887
1202
2915
2332
3502
1764
2204
3534
3410
1404
2691
1879
2633
2919
2781
2838
3363
1946
2942
2674
1739
1774
1254
1007
1720
2573
3003
1964
1712
783
1645
3048
1752
2858
2323
3840
3388
1988
2848
1353
2437
1070
3041
3303
967
1207
811
3020
457
3538
2490
3870
256
3703
1388
808
1381
241
1272
11
513
3337
391
3318
2898
3575
1887
3848
3238
641
383
417
1033
1513
1116
2752
1171
938
1978
403
3706
3939
3548
484
2237
3141
1441
474
2640
2893
2328
2146
2021
1566
3287
344
2384
2213
1230
494
3681
992
3420
2427
2433
2980
2038
3826
3709
3373
3025
3919
798
2357
144
662
1476
1742
2562
221
2172
1322
267
1061
3030
958
1376
3395
969
605
2550
609
898
3750
2692
803
248
3413
2909
587
3153
2748
3004
3603
2443
1054
3434
2583
1109
2744
2661
2308
2193
1106
3604
3379
577
2832
389
2576
47
2467
720
2592
1110
2929
3159
3793
3387
773
3776
774
247
3887
3461
42
656
2539
3440
518
2231
2061
1719
170
1583
704
3698
14
1104
2852
159
3673
2665
3265
917
2298
1168
3975
1245
3231
2074
1693
2546
722
2078
2994
1614
3223
2591
3658
3699
3138
327
3987
3684
1421
21
1043
43
755
2242
935
1654
761
3839
2521
2426
1938
1087
591
2497
3134
553
2941
1839
3821
2872
1286
3908
2063
2638
1235
1468
1062
3853
980
2263
3885
530
472
3594
1802
2736
175
802
3283
2513
2987
3455
2034
822
2849
2669
2625
1581
2098
3355
1014
3581
2510
3767
597
2603
1832
1525
113
629
551
1435
173
1646
2988
1901
1002
2265
538
91
1276
3657
3920
3621
1576
1060
490
1319
3506
1020
3165
3820
3801
2348
962
1290
3743
1
3639
3459
2998
616
1737
1711
1562
2755
2002
3476
1625
1630
2793
2662
57
1619
1407
3445
1647
2090
1275
3691
746
1069
914
1232
1527
756
1635
1119
1955
2017
760
2155
997
3222
3799
3807
3666
3729
146
1318
2529
643
3060
497
1031
3682
418
2032
3563
162
2882
1259
3634
3759
1406
149
1343
2878
2413
519
1028
691
3951
2516
1971
2984
3146
3914
420
1541
520
164
3062
3321
887
2641
1942
2342
2986
940
1242
2936
3371
3009
2632
1558
3203
202
1396
3367
188
2983
2884
2610
1078
2859
3960
466
812
2634
3160
3700
1910
356
862
3882
876
3954
776
1798
3191
824
1323
3364
186
2840
2218
1184
2481
2288
2895
3686
3828
639
3329
937
2774
1447
3086
2543
3597
2229
2556
3385
324
1022
2923
2818
1155
1775
291
3402
893
465
3804
1536
1793
1369
934
2292
511
200
2159
2579
216
3559
1335
1280
3061
2434
2568
1174
3043
1908
429
1224
3423
488
1044
651
3958
825
3849
26
2121
2696
3259
1995
1905
3344
2444
1649
135
3627
3802
1799
3533
3200
195
3735
890
1546
3872
982
984
1788
2223
2339
415
1064
2449
1210
2207
337
1244
2195
1593
981
1340
1660
2252
1103
644
1288
920
3525
1197
1833
412
2485
232
673
582
815
523
106
817
3104
3319
1400
2816
3965
2779
2961
990
2326
3431
2135
739
341
1754
799
846
2425
373
806
1993
3898
2519
1115
115
3916
3428
3217
2202
3815
3069
800
1783
30
1915
1163
3389
1086
17
3386
1336
3599
2792
2179
1708
2238
888
1133
2019
3380
1584
1667
2501
3173
3946
2527
189
3422
3615
1099
3674
1642
2723
1939
2100
2925
1354
2169
254
1072
3972
1623
3488
976
3718
1183
321
1501
3408
328
2587
3432
3568
3055
48
552
1883
489
2281
3830
2598
2117
1158
1006
2993
3
1749
2479
1391
3189
3037
1745
794
1027
3087
405
3226
1415
3392
155
3345
1849
2372
3662
237
2594
1141
663
3774
836
1190
473
3542
2047
392
2508
2254
2518
3901
320
1018
2720
2170
918
3816
3952
1273
1274
883
1729
2876
2126
3827
3088
3029
3842
2028
2368
2269
3172
3619
3429
3791
970
549
2459
2468
104
2721
1351
1052
139
2883
807
2555
2743
3948
2027
345
310
3716
3652
2276
3953
1734
2635
3128
1730
1023
2676
2359
2225
2854
2304
1551
3676
2123
2165
1159
3858
561
1991
851
3199
2105
2318
250
3471
245
3711
680
406
1312
2235
3286
2655
2329
1114
2760
3276
1876
3513
3351
1807
3911
3452
2956
210
3099
312
1582
367
3281
3910
1332
3921
2056
3479
2236
2068
1668
879
2272
1574
410
3028
434
1431
1890
1786
222
2934
287
3278
3235
3262
1073
3110
586
3787
1930
613
112
2589
1512
1950
2453
1341
1538
1266
1653
2477
3640
632
3230
961
1111
2041
2727
3847
987
2371
589
1920
407
3095
3448
2673
2055
2822
259
837
816
339
3985
563
2291
3108
529
2922
1360
3707
3433
1747
1609
2593
1814
2829
885
3129
387
2617
277
3084
516
2517
1139
634
1897
2833
1923
3572
627
86
2712
3614
653
3477
1382
3933
3013
2714
2648
1549
1255
1707
1789
2538
569
2251
1996
1380
2787
2837
266
3267
3781
1688
3100
2972
379
3566
1665
1851
1164
3358
1055
1557
3521
1624
2523
1548
3862
1226
606
3021
3017
2500
649
31
3464
1010
2143
1461
3876
330
430
1761
988
475
2703
229
3618
2270
1127
2097
3474
289
110
978
3850
2464
723
1179
2181
2297
2992
2099
1904
675
168
2116
1438
991
184
2245
573
3871
652
219
487
441
633
772
1017
921
1539
726
730
3427
620
1165
233
3421
3944
1470
601
3515
123
1269
1858
1932
1821
142
3967
3825
3667
1211
75
3892
3861
3316
2147
1120
290
3822
2514
3704
768
3105
3860
571
3071
2622
1699
3343
1493
1035
1250
49
3090
1497
134
470
215
944
1398
1040
3298
2412
3297
1571
751
363
3998
1125
394
3196
2503
596
3931
882
1379
3451
724
1895
2330
1503
1537
1491
745
2659
2913
2013
3970
3033
3348
1825
670
2043
2161
877
3399
1408
1049
2733
2417
3980
3008
3381
203
396
2083
2190
2939
1227
2466
192
3893
3841
331
2574
2949
804
1958
2257
369
1056
275
2879
3763
1972
1934
308
1000
1760
507
1921
377
1029
197
2104
1659
1666
1602
118
2452
1629
2739
2754
1785
1906
3484
1698
1068
3679
486
357
1347
2506
2964
593
3617
1199
2271
1453
1687
685
119
2542
3024
1248
1238
2092
2402
1177
2387
1161
0
1613
1519
1365
1209
2217
114
2380
2580
1296
1690
2770
4
1516
3779
682
1180
2944
1875
3396
1918
2710
3446
2747
3275
3169
3864
1573
3660
559
1434
2201
3143
3760
2203
3962
1648
2502
2004
3315
347
2578
1144
3690
1676
2284
225
3273
370
3654
3219
1831
3891
3056
2868
1615
3349
1998
1727
838
2171
3450
642
3239
141
1620
2148
3811
1632
1097
2943
1778
2969
3854
3353
3491
1626
3541
700
3855
1820
3546
3197
3288
2216
764
3076
2914
2338
2930
3045
540
2250
102
1736
1389
2025
2680
220
2037
2856
3500
447
3064
870
2880
1362
2997
895
2873
90
400
2865
1731
712
2480
3997
2299
897
3913
2303
1724
1102
2722
2089
2892
2978
749
209
3573
3398
1477
1011
2666
2802
1886
2118
372
3643
505
1861
38
3394
1252
3314
2454
821
1933
2557
3304
3107
3117
1672
1828
431
2599
3240
1413
1013
1393
1535
2428
788
1423
3325
1818
707
782
858
3291
1080
3400
2315
3928
3490
1085
2070
2535
3540
16
1880
1162
3268
713
3949
1999
464
1941
1565
1138
1797
3585
2777
1239
298
2629
78
1301
2511
3323
3261
3301
2091
915
3081
1308
2423
3437
366
51
1564
3929
3347
1685
769
1935
180
2253
2534
1294
1428
3016
1131
2707
2486
2145
3705
2430
3244
293
3818
3737
844
1148
2966
3697
3176
2672
617
3269
1489
160
1597
3810
2211
1471
2842
66
46
2000
1777
705
2927
3742
1959
1328
3940
1420
3694
2331
3157
274
3164
1874
1857
2131
2141
3935
1499
3527
157
857
757
3356
2839
1578
65
107
2971
544
1678
905
103
665
1575
738
3035
2122
843
995
2439
1945
657
244
1444
2075
20
607
193
3499
3322
1220
3899
33
2136
558
2109
1302
1268
1569
2183
786
3019
2255
2494
2684
3106
1800
1846
679
994
230
2767
427
54
2087
941
3991
1714
2924
3653
3638
2422
909
1452
2408
1128
2077
868
1790
1658
923
350
1550
3320
2613
3292
273
2870
2311
3770
452
3494
2364
3930
2012
2857
52
3308
2187
1143
1243
1091
1240
2069
2806
1922
2023
2608
2702
100
2405
3120
2596
1836
3246
2214
2954
3233
85
3436
2045
2621
3113
3418
3144
2227
3805
2349
3907
1580
1277
2205
2548
1344
3955
3412
1855
3659
3995
3519
572
956
2945
1706
3730
3010
1329
2180
2345
1257
262
44
1157
1655
3047
3936
3588
906
40
3863
3535
111
2010
1012
3166
3990
3118
3213
234
1357
3154
1914
1960
1372
2809
1611
426
3027
3209
750
1657
2060
3125
3580
150
3514
568
36
2886
3874
993
2249
767
1015
2948
3468
771
1888
926
3005
1784
2322
448
3350
3605
3620
1483
309
2404
1957
1217
525
1981
1153
2847
263
2262
3014
2581
3751
744
684
2616
3517
1544
3424
866
2079
886
3293
2967
3311
2340
3145
491
2158
240
1682
2597
3961
1591
1816
276
3631
1919
1871
1555
3425
3360
340
3470
2977
1047
2491
2194
2863
3602
2937
2306
789
2526
2275
2585
3609
3150
1395
1289
1196
2
2716
3280
3790
3803
611
2369
1208
3881
2353
3773
1810
2900
3888
1835
3439
2347
1187
3768
3438
1732
3610
235
61
2352
973
2688
1826
3973
2958
1303
1590
1383
1601
3979
922
710
2044
1860
1696
2798
2564
548
2921
658
2137
1285
1859
2985
2686
3034
1432
2831
1214
353
1974
2853
199
668
1561
3509
968
3590
3131
3232
3102
3789
2015
2312
1967
483
3733
2049
3365
1522
645
3012
741
1309
1465
1124
1330
3074
3632
827
2108
3780
2048
3727
2450
3289
1532
3785
1523
3426
1903
1850
1837
3813
1965
3137
3800
2974
2484
1048
686
2073
3366
1090
3761
3300
3752
3482
939
3266
2595
3769
946
117
2157
1980
62
2138
3869
736
2200
2149
1150
3569
1479
1281
579
900
1433
2451
1198
3065
3376
575
1867
1603
2300
2285
688
2577
3616
323
272
2582
2973
3085
1361
3390
1241
875
1545
3486
2713
2363
3480
68
1701
1216
1367
285
53
1004
3023
81
3256
492
864
3083
1621
1560
758
348
3245
1824
2196
3026
423
1221
998
2563
1694
1293
1122
3136
3945
1463
3096
1610
1543
2697
979
143
1385
1310
955
1681
1263
3460
3258
727
1098
3561
959
910
911
2605
2062
1721
64
2373
1480
1337
1440
1096
3918
1181
3156
322
2908
2738
1267
1841
1223
1994
2343
1521
681
3214
1439
2103
3419
867
3359
3924
3067
2772
253
3932
2057
3352
3079
278
728
2246
2360
3712
1145
1201
2283
3814
94
1801
3656
2761
1474
2130
116
3879
943
2241
421
424
297
1592
1791
187
1299
3851
2085
3845
2920
690
753
2668
514
1121
1326
853
167
333
1733
3875
2819
2561
1446
826
2277
63
1931
1422
251
10
3112
2114
1643
638
2132
2512
3032
3225
2654
3383
3522
1387
428
3465
3981
265
2584
2290
2906
3498
1926
841
971
1542
3341
689
3369
1768
1771
2325
574
2628
683
3865
2163
1300
1093
1872
510
1373
3177
854
532
1313
916
1107
292
3510
125
3121
257
171
2082
1260
3915
1534
3626
913
2888
3963
1741
1686
477
2465
1812
3290
1445
2199
190
1570
2675
303
1256
2361
2612
1902
2188
2050
2537
6
2474
2588
2717
419
2139
1363
2756
2780
2996
439
3210
1472
1041
1146
1282
2320
140
3049
3757
3457
390
3846
98
3492
960
865
600
3122
2601
3856
121
3692
3937
647
2436
1193
3734
3015
1634
3866
2435
2005
1371
2813
2650
1526
2724
174
748
2386
1842
2657
2234
1271
2995
2410
545
2442
84
1518
1077
432
2261
1397
201
1402
1283
2396
1105
96
2894
1865
1870
158
481
1970
1913
3554
2232
334
2679
338
787
2828
3415
3956
1916
1412
775
1005
1032
2293
1074
3837
3708
2962
3497
3038
623
1862
3018
3835
3463
1644
3969
542
496
1780
1722
1065
1936
3407
1292
2354
2775
138
2928
1026
1375
2630
1505
784
2845
3036
260
636
1316
1779
813
105
3833
3600
1149
878
2704
467
1817
3270
1822
595
1454
646
3606
300
319
515
3739
1633
3693
1042
3442
3397
3211
1769
3495
1195
818
2344
2327
1808
880
3111
3072
1533
1530
3362
239
1427
3788
3195
1894
2689
2771
3999
2560
2222
2749
835
153
3555
2965
1504
732
2267
2794
2687
2441
1863
731
1295
1606
1813
461
493
2101
2533
3183
1947
2642
3277
669
1442
2559
1327
227
1346
1192
194
2024
1515
1869
2808
435
2975
1795
1511
3078
3598
2846
2260
3044
2647
3496
446
2054
3886
1368
208
3877
3296
1944
2541
3725
463
1228
699
1261
1025
302
15
650
1746
963
3467
1469
2248
1856
1755
925
3976
2362
533
1185
3050
1003
2167
3094
1473
2803
1725
2174
3204
1291
2394
3338
3505
2520
3622
2370
709
1556
3668
3130
522
1640
166
3738
3441
3430
2233
1796
721
3119
1046
35
3193
154
1374
228
1019
1349
2989
2718
1418
2407
541
1425
3216
820
1038
1045
1989
1430
1680
206
1985
1718
2877
899
861
1039
2259
479
37
2461
2664
2006
2081
1508
1605
604
701
539
635
3080
2869
3557
3586
3330
3982
2960
1838
1129
93
3968
2515
2156
1782
2889
1572
3257
3964
3560
89
23
152
3974
1307
1577
999
2446
1212
1405
2226
966
2667
2309
3904
896
2549
1279
598
336
2764
2553
929
3582
2979
2319
2418
281
3601
296
2378
393
1071
654
951
148
2525
1297
1492
414
3511
2274
3405
2096
884
495
1598
2649
965
2016
2317
45
3340
711
977
264
972
2007
67
1697
919
1692
1898
2931
2389
3447
3001
73
3171
677
1094
1952
1943
1451
3054
796
2636
3957
1673
3251
1927
3663
1717
2215
608
1639
562
3194
863
1758
3678
3403
3959
3052
130
1066
165
3042
2356
3313
2496
1713
521
830
3844
2817
3596
2212
3966
3547
3564
1652
2681
1710
1175
3834
1679
3714
640
3890
570
3771
3190
1112
1246
924
2460
2011
3139
2981
2836
2567
3897
1081
3903
3218
2905
3174
1651
3894
2478
1854
667
2759
1781
2051
3307
3077
1819
284
2278
931
258
715
1130
443
60
3031
1951
255
2826
3435
2221
2750
1553
3786
793
833
1878
1662
2881
2420
3237
3227
1954
1464
717
163
660
3212
3161
1487
1757
2901
1490
3702
2178
3543
351
2728
3092
3754
1961
3680
2473
449
1092
1848
1540
59
626
3595
860
445
2834
566
2162
777
92
3570
578
2310
894
1024
702
2812
1126
2766
249
1218
3504
2314
2968
3002
1194
2620
2133
380
1264
2403
2036
3646
3867
2033
2052
3748
3254
3687
2458
3722
2240
907
325
766
1176
3843
362
2677
305
1975
1215
2438
3186
576
1314
3378
621
1339
1866
795
3775
3507
1579
3333
1147
1881
503
1334
2151
2604
678
3797
1348
8
790
69
3794
2009
70
3409
1160
3710
2495
903
1507
1188
3762
3808
583
3689
55
18
3677
2053
169
3252
546
871
2177
2907
3713
2700
2951
1616
1628
2693
3574
1262
181
1222
1173
3829
2623
823
1486
388
3550
930
2678
2705
3688
2729
2891
386
2095
618
1636
3544
2065
526
1229
3545
714
2735
1585
214
3449
13
3242
3327
2302
2867
1709
2933
2903
3744
2279
3149
3040
501
3993
218
508
2586
3796
3896
543
3795
2197
936
1233
2765
1481
3458
2182
1594
928
2341
1983
2307
212
433
3832
2551
1191
2609
3917
1182
451
3593
480
1084
2572
3906
485
1843
3317
3537
3260
1424
2421
528
1466
352
759
2113
873
933
2462
124
1034
3669
637
3152
1136
88
1167
1169
550
454
2059
1009
557
1459
3328
3902
2532
3294
2860
2067
1152
1827
1095
58
881
2607
1448
2670
1604
2366
2698
1403
1670
2825
1342
2168
3641
213
1457
1325
3726
280
226
2001
535
3142
3335
185
1834
1966
3520
891
1992
3649
3456
2111
1234
3655
1723
1982
1100
3249
1462
2952
2731
2902
904
3749
1912
404
2432
2398
1390
2014
2827
2824
719
2071
3745
1893
2411
442
2020
1306
1206
842
1547
2999
2547
692
177
1488
1140
3817
666
346
2337
3234
1037
2206
2528
335
223
231
2176
3466
1117
137
950
3526
3777
2615
3011
3167
182
2940
1265
2258
2776
1748
3579
3483
1811
2296
740
3636
3549
517
2124
2963
2397
1287
3878
2198
3661
2505
697
2476
3215
1661
1411
271
2544
1051
3950
1021
3306
2801
2715
3518
1885
619
2619
957
852
1253
76
1962
311
3645
1108
1364
2429
1409
829
2416
2072
398
1502
2575
1186
1416
364
2395
295
2406
2064
2192
3073
1744
2264
1270
3971
29
2268
2639
3224
947
2424
3625
3508
2530
3765
3728
2935
648
1449
455
2694
1315
3374
603
3271
2346
3695
2039
178
3443
747
3719
1671
527
3053
408
819
2708
3764
3182
354
3567
564
1172
326
3912
725
3630
2789
2626
1247
3591
655
3180
2035
3989
932
1928
674
1324
506
2209
661
2219
2286
2093
358
3642
3206
1377
3612
1891
1968
402
3873
2690
3884
9
3986
779
2652
368
3571
1016
2385
845
378
3562
1743
384
2414
855
2797
2912
975
718
3089
2938
2381
3416
2026
401
1684
2388
318
1284
3481
1588
3248
3978
2778
3101
2022
2917
2152
580
3253
3201
1949
1058
1735
2746
2391
2399
2125
3576
2709
361
1151
2701
458
2375
453
3923
1765
3806
1205
2280
316
785
1426
696
1674
3672
2175
3220
1154
1394
2350
3202
1076
3339
2524
2088
2646
128
889
2186
1414
34
3992
3295
1595
2160
72
3255
444
3462
2763
1142
2112
801
3721
2094
3696
3905
948
3584
2390
1419
1759
3782
504
765
3792
156
2184
1750
411
664
3758
781
2950
901
3393
2791
3250
2835
343
3909
1359
2046
469
1317
2448
3637
3611
3208
742
2189
3623
3552
1311
1352
1278
3179
1236
3453
584
1805
315
3279
2256
2185
3984
1494
2614
3824
989
204
151
1716
3116
3942
3098
422
734
2695
436
3305
964
3809
2282
2631
2266
2463
2335
1896
1925
3732
1251
512
1589
19
834
1529
1892
381
1631
2040
809
3731
2821
3670
2498
1123
856
1772
1485
50
1691
224
3589
1059
3331
1990
3493
3417
2119
2725
3675
3823
2916
1612
2080
1219
1455
3133
2643
716
3168
3539
509
3925
2173
1740
1641
1864
622
1496
2243
703
2305
2624
2745
2166
2164
2740
440
1231
2144
3895
754
630
2456
3229
676
737
82
2540
1366
3529
1500
1134
3756
2874
3377
1596
1909
3941
1608
3332
2719
2289
317
476
1776
708
2084
3701
2896
3723
3900
2955
2400
3472
3162
3346
2602
1305
1937
1484
1552
3665
2488
2726
1498
2762
1877
3221
2431
3285
399
24
2788
2970
3883
996
2810
307
1844
2140
145
2129
1973
1399
22
2316
279
1350
1338
1738
1370
1067
1156
1650
3798
1617
2208
531
2757
2861
3485
614
3651
299
2611
2153
3852
1524
286
1728
698
3523
126
2313
3772
1917
1845
3382
3578
2295
624
3524
3683
2773
2379
1587
1213
2150
859
908
1249
3747
2783
2785
2851
1036
560
2683
3097
1977
1478
3404
1770
3170
555
1460
1386
3022
87
3066
3528
1700
3357
1030
874
2469
872
502
687
628
2711
2807
752
3565
2447
3000
1703
1637
1057
288
3384
1803
3207
2029
2871
3140
120
2959
3741
1075
3831
1559
97
2504
3724
694
849
1321
261
179
1456
2897
1984
3243
2660
3516
3187
3478
3324
1401
1853
2627
1475
2470
2536
1852
2918
547
2415
3648
3302
2566
1203
2875
1331
147
615
3783
2814
1840
2066
2106
5
1663
2571
365
1200
3473
3613
1884
2885
3135
2475
2471
3051
2031
2730
599
3082
2376
1986
133
1298
1956
3755
3124
2128
3336
1907
814
671
3671
3868
912
3857
1554
2351
80
3236
706
131
2656
2191
3282
2991
129
3553
3746
2102
3123
1911
2419
242
3264
3607
2383
3532
1170
2663
460
1378
828
2030
3401
2565
425
313
585
954
592
536
282
2374
2301
3093
2758
375
438
1607
1567
3624
2658
498
269
3629
3391
3334
1868
1762
1664
1517
3778
499
2734
1656
207
3109
83
2976
2862
3103
1358
3127
2358
805
500
3556
252
3880
1997
314
3068
2482
1756
3503
416
2784
1082
56
25
2365
2120
3414
1627
3241
588
7
3310
2890
205
3115
602
409
3342
3163
942
848
3126
1815
1113
1953
2982
1135
1467
2115
3272
161
1638
1356
1963
1830
3148
1088
1001
949
3583
810
413
2522
1702
1847
1809
1053
1450
3592
2737
695
1304
395
2768
1531
1384
3444
3943
1792
3577
2287
3635
780
565
2855
672
1900
3185
2866
3934
478
3487
3368
2324
3057
1178
101
1132
2811
196
1514
556
3354
2355
3114
1763
355
3361
1568
1873
3926
2142
2926
986
2645
3007
462
2957
2751
3158
945
3469
2558
3715
2382
2294
2899
1528
456
3650
1320
301
2210
3046
2990
733
1677
2820
243
3608
2552
1969
329
612
2401
198
1599
270
2472
99
2336
132
2393
1225
2600
3059
191
2409
3181
735
1806
1355
3720
3411
2699
1976
3633
983
3228
437
1089
1118
1586
3587
2753
306
2107
1787
1823
2805
71
3859
2843
1767
2445
3039
1137
2850
2651
581
537
3530
3198
892
1600
