76
96
243
323
92
162
114
278
180
103
327
225
481
219
5
266
369
292
20
495
265
36
486
454
483
146
319
390
279
106
468
377
40
107
346
455
371
245
252
182
421
23
166
436
152
91
171
70
419
382
157
28
364
94
149
342
78
236
368
401
137
200
465
498
392
71
6
477
333
295
451
122
499
439
430
398
280
299
116
69
79
397
208
423
35
445
332
387
438
288
186
9
447
26
147
444
237
27
361
126
410
47
238
277
395
402
213
120
125
388
112
274
224
303
167
272
321
198
283
246
290
271
136
119
276
62
109
53
453
255
154
334
373
307
482
228
251
142
256
211
143
433
379
54
99
223
258
195
60
93
351
194
261
253
184
222
97
391
359
385
315
250
66
396
68
494
284
456
336
118
185
190
159
139
108
452
148
441
389
305
215
206
370
220
32
450
372
488
426
497
418
201
240
378
414
337
356
448
309
406
51
44
74
242
175
407
117
199
173
374
428
4
408
422
474
95
365
260
61
312
19
193
304
437
247
297
216
472
155
177
458
131
409
471
282
127
313
310
151
273
420
289
90
241
115
144
80
427
291
470
14
132
384
461
84
207
98
178
172
270
341
135
413
331
187
329
404
197
2
3
358
431
82
248
466
121
232
375
50
227
160
460
469
340
192
320
37
217
489
275
196
179
416
360
350
352
338
188
153
88
254
259
324
15
8
24
318
170
479
294
476
13
174
348
42
311
16
164
83
130
400
221
380
145
212
65
446
355
485
49
75
257
432
113
480
204
77
443
386
67
322
347
1
22
176
381
129
33
491
57
298
205
183
7
226
46
87
405
484
335
38
308
344
417
424
73
262
163
29
214
133
18
105
10
263
415
330
425
102
496
249
493
326
339
203
440
281
473
411
463
150
239
52
110
328
314
267
264
31
48
376
287
316
467
55
101
434
500
156
286
141
85
56
296
17
209
317
354
269
462
189
394
487
345
464
285
301
233
100
357
412
104
218
140
45
89
58
169
383
403
59
475
161
134
363
11
235
459
393
343
30
43
12
349
293
191
300
124
490
81
268
34
165
366
429
123
367
25
210
457
478
234
168
449
492
86
63
72
128
229
21
111
362
302
158
230
181
39
353
435
399
231
244
138
64
325
442
41
306
202
