7974
3005
2616
3952
4758
1765
1944
5264
7765
1216
2099
5443
4703
4488
313
7319
5768
5446
6712
7135
7126
2333
4193
4844
115
745
5569
3941
3617
3476
5931
6009
3559
6337
1706
3836
3222
5711
965
1881
1255
999
3086
6814
2551
5882
4889
364
5032
6028
5542
2797
2665
7720
1728
3151
2620
3243
7256
5466
5142
6317
7655
2387
4485
5799
4900
1882
2792
931
4400
2020
7262
6810
5899
3277
4379
4372
3127
1583
7407
2594
4342
273
3575
1951
2764
4286
6400
6990
7419
337
2093
7537
7026
4287
6443
3822
1669
113
1455
4159
4604
3164
4418
314
7424
4621
3814
5342
6530
5788
5217
4155
2537
3252
5806
3450
6359
3761
4165
6518
6986
5553
891
5092
3844
402
6074
1501
3982
3709
4521
489
3019
5156
3407
2002
4981
1074
6745
7987
7856
449
718
6679
6520
5884
84
4547
460
1250
2435
1918
2080
602
6270
4719
5627
6264
2788
5452
6888
5187
2328
7662
2844
2558
4241
5597
4124
1776
2544
1160
409
5760
1808
5208
7153
441
5109
7470
3657
7659
3317
6323
888
6108
1573
6097
6910
7078
5073
818
6023
6495
254
27
3950
3303
2969
7096
4487
5751
6135
924
6765
30
1745
6157
5980
6171
1636
652
1388
5261
3591
2042
3938
81
2580
5322
4319
2933
6672
5138
517
4323
4613
2658
3431
762
2469
2223
98
7098
7018
5087
4638
4439
7142
6111
5909
5151
4102
2979
1650
4476
4561
7450
2248
3764
7312
7813
1681
7364
5389
2228
4616
1823
3199
5704
5763
624
5674
4190
856
2312
3307
6565
2902
387
1606
3090
2631
7196
6882
3282
2105
1967
5558
4022
7624
1818
413
1294
229
359
1363
6261
1713
2562
5846
5689
7114
2866
4154
5484
5002
1525
6607
3010
4456
760
6629
1913
4199
10
123
1382
6235
7351
9
6804
1430
3351
2661
3223
3805
1644
2674
1674
2526
4077
6612
676
299
2642
245
7901
1637
7799
7963
6605
625
7499
5166
5021
7773
2633
4750
1024
7847
7512
5440
2338
6195
3835
74
7769
4062
5920
147
6603
5925
7099
7665
5304
7592
669
6570
1448
6738
7509
673
880
3261
7816
56
7599
7556
1907
6639
5603
2574
168
3246
5263
6856
11
5991
4178
5474
7308
5402
2850
523
2130
1484
3546
2497
3171
7718
2552
476
5560
1222
3923
7800
7996
5027
5266
6257
2384
5513
3837
5213
6462
6534
806
1662
2942
5374
5785
3934
5369
1442
3210
1702
6857
3330
3423
1547
3504
4449
1194
1143
5650
5543
7141
2795
2460
4620
5577
830
4649
3993
3348
3340
979
1136
5448
5302
3745
7179
2728
2675
2936
5581
4366
1293
2626
7604
7675
1685
7168
6892
7898
7344
7162
1268
5759
1307
2715
5232
7733
662
966
3225
3068
5971
5042
1903
6089
6066
3443
7362
1800
6613
5015
7415
7444
260
2255
3763
5099
248
5049
7345
2638
7082
2989
648
6762
2169
6664
5461
720
2074
4582
63
490
3076
2527
5172
3706
5801
6238
2818
87
4119
5917
2721
350
7261
2015
2441
6303
3226
5836
459
6706
6245
1342
3489
5783
1631
3561
3735
5610
5481
7837
5437
2282
4365
6934
7775
2175
7291
1412
6352
5731
2327
4512
182
1282
3641
4188
3924
5095
3554
2156
543
5556
5539
5418
5203
3910
4612
4874
391
1874
5426
2980
7960
2364
5046
6022
1908
3318
6968
848
4218
6897
7543
4886
76
2826
5789
1119
2154
5622
6342
2925
7165
6187
4806
7492
322
2868
1668
5904
2323
6815
6138
6533
7206
6479
3349
2955
6246
1348
6385
3566
4431
2438
2447
7703
754
1920
1964
7311
6239
7868
6557
3826
4240
4181
5174
3673
5646
3175
4818
5815
5270
4730
3589
3506
834
1916
319
1130
5066
7730
5069
2170
6307
1966
7990
5388
4662
4293
267
6390
5537
6555
6516
4510
5294
3028
3518
5644
3220
2499
4093
4472
434
4673
6967
6709
1207
0
2216
7460
5334
5124
4444
5238
6579
2645
7902
3482
3182
454
4474
5218
7182
5498
4842
7705
3500
3133
3801
2994
7383
7145
237
3057
7467
5958
3368
5465
5908
103
1499
3606
4936
2450
5408
1927
560
7637
3690
7006
414
7086
1712
2098
6959
7555
4739
6162
6336
2941
752
393
1517
2246
3742
5134
5561
2756
5113
2852
6615
3655
5593
1289
2659
7571
2766
3933
235
6806
3507
3898
3131
1435
1762
5708
3649
3200
4893
5033
3684
4800
5250
2608
3329
2717
1750
7639
3618
5745
7417
6912
1875
3056
7115
4169
463
6060
3712
4131
6435
3107
4986
2753
3791
5821
674
5226
7360
4367
416
7475
472
1535
5450
791
2802
5649
4740
4887
4507
2195
7285
2700
1675
7219
6595
2814
7144
33
4646
183
7989
1982
4976
5212
3191
7577
3565
836
5541
2230
5182
5792
2860
2913
4583
6886
5816
3877
1266
7630
258
7517
7232
300
678
7986
7776
4413
4978
4139
5483
7806
3531
7754
2484
6769
6739
4774
1223
467
7377
2304
2177
6651
734
6120
6881
6428
1658
4661
4903
2261
1686
5201
398
3453
7961
4586
7931
4539
1696
3750
7676
7330
2593
5923
7707
4869
4437
2375
3382
1235
613
3468
1811
5617
4037
7516
124
3455
1121
7848
1722
4768
1431
5193
43
221
382
1673
2272
4720
3394
5557
6453
1265
134
494
3901
6271
2061
6796
929
3697
2019
6504
5139
2057
1739
6197
5545
7215
3055
2501
6004
7780
4483
443
6101
4505
731
6773
3744
324
2278
5824
4050
6663
2262
3051
3579
4506
6375
3464
277
1795
5715
6825
6573
2226
2376
2622
5786
1548
4284
1578
6611
5204
1688
5241
3615
2377
3266
3075
1454
2898
201
6468
7265
2110
2650
3017
3550
660
1297
5114
7797
54
6174
697
6366
4137
4426
4136
163
6925
3609
5730
6694
3187
7696
5548
6608
5390
424
4244
7503
6302
4377
4500
4777
5215
628
6590
854
845
889
6193
5240
3954
5295
5582
367
3337
5221
7269
5630
411
4404
5881
7540
7882
2332
6379
4824
7411
3454
3890
842
7985
1487
1897
3862
2720
4707
4901
3920
764
3302
7068
2405
7932
7391
4634
3284
155
1763
3544
5840
5180
2727
7803
1827
786
7545
2463
4520
6887
1564
5714
136
1362
5672
2155
6589
6109
3824
3560
7406
4902
1095
3593
3206
6403
3997
4933
67
3929
5296
6353
7621
431
5423
2809
7313
7648
6716
1960
2378
883
7433
7564
6634
3239
197
1475
3304
4769
5677
4533
2420
2289
1738
7962
7955
6878
6614
1146
1372
2351
4198
5791
7077
153
7
4089
4714
5401
547
7667
3524
4393
2422
3994
2883
2982
6275
5078
2966
1889
4397
4497
5529
868
2789
689
2072
1072
6677
2843
4337
1679
4223
2577
5137
4524
1976
4216
5973
2959
1580
5809
1884
7100
1405
3887
4671
88
2541
7541
6318
4330
5169
6829
1163
3539
4803
2610
6469
5473
756
4603
1980
91
1690
3889
2036
2021
2361
7496
2678
5967
1515
7959
2689
6256
1632
4966
7727
3953
5749
7359
1410
6988
2840
2736
912
2522
7768
6596
685
514
3043
3804
807
4709
6181
6618
5570
1275
5080
4068
2834
2457
1555
2455
4269
1736
355
5287
2922
5827
6287
1287
2183
5206
4027
7367
1470
331
6696
7598
5942
4784
1326
2144
4423
7679
455
2779
934
7004
4215
6951
3359
638
5874
7318
250
4563
1645
2575
4353
4736
887
7169
3871
2619
6168
2962
3333
2696
1058
3892
5948
4249
3916
6274
6229
7160
7028
3267
6666
1923
1970
6776
2062
6340
4845
2135
6186
1986
1139
2903
1724
4000
6372
5761
5129
4895
343
5817
5090
285
2353
2576
4264
1068
7971
89
4302
4069
7156
2949
3237
5347
2039
2876
6511
1416
7221
5409
3978
7031
633
6489
3418
7302
5067
5135
317
488
6165
7299
2404
501
3891
5535
5157
5823
2695
7102
1075
3112
446
6477
1779
6522
7558
7490
3908
893
1528
4956
6725
4802
4904
6778
4128
6900
5707
7264
4670
1895
6764
1283
2243
3338
1647
7376
157
6419
2059
2401
2534
6241
5428
4797
7248
7071
6461
1437
5861
2865
2536
149
5382
1480
5887
7464
2142
3760
5607
3765
2014
4350
1077
994
4911
3115
1329
4222
6033
6326
4373
6254
1554
3611
7873
3849
5959
3263
1070
1653
7647
2027
3685
378
5747
3746
7105
1027
2748
2247
4031
1197
2930
6723
1585
1542
2430
5103
3108
4513
7337
2713
5349
5110
3859
7844
6569
651
640
1496
4556
77
4830
4921
5276
4945
5894
2770
748
4059
3125
3173
298
5892
520
1536
4611
7758
4798
6931
2987
5397
4762
7252
7389
2838
7763
3203
3136
7283
6114
981
3300
215
3605
3919
4039
6587
1849
1152
3417
1035
1977
1019
6588
6845
2481
5764
5160
6631
4053
7310
4923
3971
271
5214
1249
1006
2729
5410
4174
390
1028
28
3729
5288
3013
619
918
938
6774
511
1201
5245
94
1112
6429
742
3737
5966
7149
5766
406
1401
3494
3360
5775
7405
3515
1699
2726
4060
5189
2287
1974
6840
4386
6766
5259
4363
7279
4245
3823
3071
3747
576
5216
5767
4659
3432
5769
4116
6046
5605
419
1398
510
239
7717
6497
2710
1471
3873
6386
2494
3644
1906
274
2864
656
1327
642
1078
2136
4295
7339
394
6310
5455
6467
5643
6116
2915
4924
7810
2356
3983
5431
3772
6543
6937
3973
3623
5100
4535
7110
7175
3961
1084
5914
3900
1110
3766
1648
518
3630
4558
4564
3659
4548
5252
3785
865
2363
5123
2445
4888
4826
4727
3932
4392
5119
2125
4570
3353
2208
3157
790
2848
6445
7680
1020
6339
6517
4995
7575
4061
6288
5131
3781
1657
2570
2467
2355
2305
5368
6350
5519
2746
7448
2273
2493
2845
3221
2916
7631
4773
2768
5517
2995
3113
2800
1819
4836
829
7425
6731
6185
6777
6660
574
2346
6879
3563
4977
2271
3088
6496
1303
6267
4526
5662
177
6750
6086
7258
1239
1988
1625
813
7926
2454
7234
6330
7075
227
4283
1106
6668
1941
4014
5478
1137
4814
4019
3466
1472
7817
1698
2344
4867
5108
7233
4642
7615
2063
3721
821
2480
327
5020
5530
2741
5961
7528
6166
5056
3505
2656
2938
4698
4985
6591
1328
3166
7672
2875
6958
730
7822
1943
181
3467
2366
7378
5489
62
6859
3038
4419
1701
7538
4095
7668
6874
1138
7040
6546
5949
7522
7274
4590
3713
5231
5195
1064
3362
972
7138
2048
266
2556
4375
3327
2950
6016
6161
2103
4627
1148
2004
1605
996
6276
512
2285
7495
1691
982
817
1975
4907
4550
2967
3636
3935
2263
1331
1993
7286
2976
3301
301
936
4258
3488
5449
1858
2637
2672
1117
3497
3756
849
6414
3121
704
6098
5082
7612
5860
388
1212
3612
4908
4017
4697
1469
892
2907
4407
4043
4984
7590
2265
5372
3740
7709
4066
4018
6676
1270
853
1634
6251
7858
1537
5494
3868
184
951
5738
1257
1295
957
7510
6304
6493
6771
7914
2187
872
4201
6542
1
5879
5012
7715
5778
3264
5050
3132
4589
1098
3456
607
3235
3739
2398
987
5421
6788
2813
555
1213
1651
5592
2505
1214
5186
3354
567
4573
721
946
4518
7228
4592
1051
492
3080
7395
5606
212
7870
6498
7750
423
5273
4693
6402
7350
5405
2452
3044
4051
743
3054
1851
7807
7994
5690
4232
5564
1252
798
4664
1622
377
1814
7899
675
5735
6346
5679
5773
1231
480
5703
7113
244
3163
2073
6010
4692
3336
2543
3917
1347
4374
6616
7085
4855
6183
1948
2609
4473
4329
970
4324
4003
5807
3881
6387
3373
6920
6759
2418
6899
6798
1721
740
6507
7180
4896
6263
4394
349
1002
3198
351
7375
3211
6357
2321
2704
7455
2279
3521
5890
7921
3016
1190
940
6996
6280
1945
2360
2539
4219
5143
2945
303
4468
2067
2400
3776
6012
2502
500
2621
4044
4853
5348
12
280
7943
2761
5584
4196
4929
6371
7507
6243
2582
290
5165
1759
256
4963
4126
6422
2686
6948
2734
2500
1856
3869
5901
551
2342
7357
4917
4442
3658
2607
4879
1497
1260
6683
4087
5386
4441
2294
1185
749
7830
356
5684
373
482
255
453
6752
7076
345
597
2129
3425
1954
7742
4378
5687
1174
1729
1031
3940
7043
1082
2591
1285
7591
1562
4398
7912
1850
4010
5693
2218
2207
4415
5562
5929
6062
2578
4161
7546
3496
5274
6244
7791
3130
1012
2724
1230
7275
5596
646
4648
3025
3209
2555
758
3797
5956
2975
5921
7328
310
6037
4632
4381
5935
5754
6024
3064
7166
2687
2161
1489
7277
2830
1540
7333
3703
2106
7112
1374
3573
3416
3082
2316
3342
2796
7913
5728
7479
1660
2269
21
2824
562
1727
316
6509
575
6645
386
4916
941
2605
6075
5064
7966
1872
5794
4713
25
5638
7736
2964
5463
3009
399
6571
1949
2489
4213
66
4941
3376
3634
2685
4484
1861
5034
3446
3473
5808
2421
3695
5472
4544
672
634
663
7229
1251
4092
2877
6984
7515
1463
3711
7949
3257
4687
7917
3841
2603
1310
1060
3995
7476
2953
7995
3501
6916
2997
3452
23
45
7554
5546
2998
780
7947
473
1741
3189
7064
371
3759
7584
6690
6863
750
643
7920
5424
4979
917
328
7904
6177
4361
6906
2075
4823
7436
6730
1418
2518
4025
4910
6742
363
5153
7635
4765
6656
698
6726
1122
6456
6076
2629
1987
1852
2320
1756
534
7164
7699
5896
487
259
7925
3592
7581
5698
7125
7762
7809
1876
5985
2058
6992
1243
5070
5528
4820
3091
2264
4285
5998
5656
3412
4265
6234
7063
4737
995
1254
6442
5699
4609
3011
1135
2978
7338
5590
2298
4163
1869
7074
4371
6843
6770
2343
498
5770
2270
456
4608
7692
3653
4262
7067
6662
843
4696
3413
6577
7124
5207
7702
7646
2878
3683
1772
3379
7130
7833
629
4633
6117
3963
1821
6508
4115
4618
6561
1519
4237
5507
5111
47
5338
1134
5254
6490
6237
1346
1131
4982
7897
1023
2807
3516
3631
6476
5305
6374
6136
6247
815
2853
2698
5755
3058
7973
4876
3345
7474
321
5544
6930
2069
6112
4166
90
3367
615
4074
2837
4142
908
3948
2803
1770
6871
3180
2132
4301
429
3602
6147
7326
587
702
3707
7738
61
1337
7410
1832
4700
7108
1569
2530
4467
5396
240
2515
2473
6144
7095
4292
477
6727
4239
6404
224
3037
6284
2849
967
3980
7340
4636
7716
5975
7653
4862
1003
152
6262
2985
881
3114
95
3153
3260
7127
7147
1151
1782
6159
5969
4931
3864
6321
5976
7551
5951
1860
2948
5433
1731
2798
5234
4681
7677
6834
2222
1411
6252
6019
1488
1797
5381
778
2172
761
1899
5665
4072
6401
448
3137
3406
5385
1929
2812
773
2456
7193
5872
4973
7409
3671
1140
4158
5727
4296
6630
3214
1830
6793
384
2350
4840
3079
4726
7670
4081
539
6998
6946
1162
5211
7056
7380
2182
4194
1052
5219
6868
7251
5360
7547
1142
1041
5566
236
7488
819
7728
7255
3863
5399
7979
2910
7225
478
7154
3296
3576
5641
1425
5628
7614
6760
2904
2754
658
497
6649
2769
6869
32
4348
4934
3390
583
4187
3637
7812
1588
7625
4304
559
7148
4799
7317
2192
4282
2872
7173
7861
591
2886
4546
4259
1172
6623
2668
6526
4725
1200
4940
1014
4141
4457
3485
4335
5239
4016
7741
5616
7387
4303
2389
7239
284
1317
4387
4637
7120
3491
7266
1439
5688
1318
2008
7620
4744
5427
2517
7805
7740
7777
2596
3481
3134
1353
1111
545
6717
2487
5371
2613
4309
2078
3380
5989
5076
6173
4699
7140
3958
3996
7208
2311
7432
2584
4496
85
3913
4314
3274
7787
5079
203
6704
4305
4028
2636
7034
3240
2697
3144
4351
6417
977
7774
1093
5742
4691
7155
5246
7143
6007
2007
7163
5196
368
6292
2362
7263
4006
1641
7088
5960
2588
4964
5391
1925
7927
6231
1863
3949
3355
6938
7066
1709
7643
4273
7633
7883
3895
7976
5508
4270
6463
2699
2167
1457
7184
988
4635
1178
4100
5044
3204
2191
6475
5223
971
7712
48
4925
6331
7886
3162
3931
5072
1575
207
2372
7054
7644
6785
5862
1909
3510
6149
1419
7129
6819
7349
7019
2306
5889
4745
3109
3123
844
2197
6191
1985
2399
7037
7504
799
6707
6069
7459
4170
232
1182
2890
1053
2538
1120
42
7137
7195
2639
7687
2293
2432
7673
1773
570
2079
2336
4411
1018
5725
2325
1557
3035
6258
6799
3717
2354
7161
1273
6296
7723
151
6740
7864
5634
5181
2879
323
4403
2318
7181
7771
3543
7246
2
3670
3588
2189
1220
2759
5101
3385
2905
6052
7583
605
5835
2924
3522
529
5256
5595
4098
4791
2124
2148
505
3730
6816
6341
5088
6865
7190
990
2472
272
7640
3675
7207
3783
4071
4749
4184
7852
6438
120
1459
4514
495
200
4020
4741
6744
4205
5262
5144
4757
53
7231
291
6556
2013
6137
7306
3074
6585
7710
7276
1456
1618
2315
5784
5891
7293
4414
3314
7336
4152
724
1128
5147
348
6598
986
1576
6409
4448
2587
6148
3067
7483
2286
1840
3876
4711
2911
1494
6113
3751
2134
112
5502
7297
1159
6529
1493
7983
1334
2986
7975
2319
6985
525
35
1360
3678
2299
2595
3884
544
3032
3027
4647
4971
4389
969
4157
7506
5225
1666
4325
4928
3718
3152
997
738
6756
659
2291
7442
3526
3161
3122
4906
3341
6751
5285
6096
824
2033
4643
1891
5953
7854
5772
2983
6156
5624
5173
6090
3984
1415
6499
336
4914
7634
1305
7385
3292
6376
4267
2542
178
1715
1338
7334
1704
5957
7494
1999
3789
4927
6110
286
4881
5284
4247
1474
7605
1107
5052
1614
7358
1187
1812
2348
3590
7933
7060
5503
955
7586
3770
4712
4504
5065
5370
4067
2239
2459
5
302
772
2663
797
3946
3472
2158
320
1550
7033
4243
140
1624
1215
4013
4655
2667
4651
2423
7900
7602
2436
1181
3078
956
5722
2740
7396
154
6928
4675
3808
4204
3000
6919
1574
2307
6115
1443
4735
179
4946
1549
1129
185
2437
5667
7172
4863
626
6643
3255
2303
1403
851
3232
4915
104
7400
900
594
2597
1245
6918
471
339
4695
2585
5758
2644
688
4149
4083
3377
2856
538
1774
6995
2118
7116
1198
1938
2511
3188
5663
3483
3272
5122
5133
2641
1695
6011
2808
6714
4073
5387
6962
3748
5417
3625
2458
4545
2533
6464
4401
6763
975
1218
6361
5035
6657
1791
1011
206
5367
1354
814
827
7782
7298
5476
6960
4347
6637
5281
6575
5782
3578
857
6743
1752
6058
2215
5350
4097
7980
4029
4133
7218
1434
2495
2281
7093
3085
7511
5993
2512
5291
7582
826
3621
693
4416
2703
7972
6808
7651
7159
6781
1855
2335
4099
1659
7998
3827
5793
3784
6692
1176
4310
5081
118
7867
2417
464
1825
1188
4630
162
3298
2506
3084
1628
199
1607
4382
4804
5695
2386
4080
4555
5398
3519
2891
4610
3426
2504
6142
6830
3807
5500
2677
6470
4614
2051
6313
5313
7300
4385
1936
1299
2474
1629
4617
4565
4499
2732
6576
6063
3914
3474
3156
2514
3364
3238
4176
7623
2510
4447
4164
3213
14
6175
1649
2023
5299
7103
4206
2041
1820
5293
1127
2209
5253
832
5363
4171
2676
3874
3378
5098
4343
1768
1465
3439
5712
3328
7441
3201
3306
2821
7660
3648
7284
2396
768
4666
4859
2738
4568
1757
1277
2296
6354
4064
5340
1744
1953
226
7309
5230
5559
5512
4162
4047
6088
4951
242
5515
138
3411
7593
7152
3142
504
3186
7695
5272
2137
5927
15
700
5982
4146
5283
4250
2564
3879
5430
3691
5102
4422
3986
7842
7731
4657
5947
2005
4540
6550
3999
4234
7746
346
532
5460
2836
604
2931
2646
3231
6852
1963
1514
6471
5260
2236
3998
7213
4057
19
7260
4778
6510
6691
2859
2692
5179
1767
2102
380
7171
7965
5536
3977
2817
7472
425
1518
4588
774
2394
7661
3905
6867
7420
5988
1345
4994
4358
4756
6568
6527
7079
1343
1495
879
7859
5145
1904
1677
6434
7038
3508
3855
6512
6153
5691
4858
6132
211
7443
3193
1630
3904
5227
6866
1267
6572
6430
580
7866
7365
58
3872
1367
1440
2071
1749
6458
2934
1436
6056
249
7393
4452
3654
5757
828
7183
506
5575
6954
3882
289
7057
4593
7785
950
78
3275
2385
122
3867
7146
2022
1281
4811
7829
4949
4256
231
6813
451
6029
4209
3613
397
2068
782
7711
7486
1325
7824
599
2572
125
6259
457
3110
6821
6003
3021
6500
7500
4598
1887
6397
3190
5031
2662
4575
7268
1042
4491
7650
6411
7888
1141
884
4948
2329
4084
3642
6250
741
3828
6966
7706
1937
1073
2921
1838
7250
6973
4644
7836
2199
1509
2147
7331
326
1942
1395
4776
5310
5468
1753
6164
7481
716
4409
7532
4663
4785
7355
4846
7287
4591
5162
2268
1777
3852
3400
4529
6312
4815
2419
691
4571
3597
4970
7938
3042
875
3896
3461
341
3395
6854
1049
3723
2690
2611
3020
7366
4650
6457
2559
3689
5265
1617
3885
7150
2773
3052
7579
1332
3985
2086
6907
3702
1026
1004
4023
5269
1091
5014
4511
3244
4567
1544
6567
7187
5491
6277
1809
3594
4432
486
4228
1785
6210
5937
1803
1308
29
5524
1304
5653
5361
7307
7012
516
7652
701
1642
1672
5007
6031
3676
1758
595
5036
6389
427
7764
4238
3829
6950
2972
1877
1902
835
4748
7940
1703
1089
2016
4327
7843
3583
3599
825
5648
426
1689
1413
220
2166
39
4870
794
5619
4760
3393
7928
2409
4987
1150
5970
2164
86
568
1829
2513
6160
7832
3116
573
1449
5974
2617
7566
5311
5676
2229
75
4724
1595
6180
4912
1788
3726
5471
7473
6152
5200
5053
1513
6604
1587
7247
312
4082
7214
4391
1620
5055
6647
7029
1989
3767
4290
6100
6040
2000
617
293
785
5018
1196
4530
5800
1810
7766
6648
6141
7664
3570
3926
7909
3202
5411
6282
571
1013
5005
4919
2546
7192
3422
2857
5525
5954
710
7009
4297
4683
549
2630
4894
5916
5170
22
5343
6784
6103
1379
948
1352
7818
5282
5753
3809
3530
3758
5159
3988
3293
727
4275
1592
6850
6924
1801
4317
1067
5292
3974
2974
6297
3943
3942
2112
6095
4207
1640
17
992
7224
2592
7982
3679
5531
2991
4495
5068
2181
1109
5125
7205
7905
7734
5752
4694
5992
1104
5505
469
4930
1638
6827
7850
2116
2050
268
4918
2205
253
3150
6983
376
2001
4731
2568
4640
6999
4850
2193
5477
4527
4346
7747
1792
4122
1692
3486
499
3101
6242
5869
3369
5868
5319
755
1263
5965
4109
3104
3458
2735
5732
6997
6686
6701
3956
7518
1796
1206
6423
6465
4357
5934
6581
1616
3322
6329
7487
5796
6674
7978
5587
3436
2503
5188
5724
7879
4865
6670
4983
3140
681
3906
1161
7230
5330
3499
97
1581
372
1571
4129
7838
6800
7831
4958
6620
5865
5510
1655
3704
5054
7891
3894
859
1080
4334
7388
6139
3633
4975
2115
7601
461
7589
5867
1716
3096
417
2064
6364
1604
2032
4677
6466
705
7767
7242
142
5798
1667
1466
5171
1154
2476
6381
4151
6835
6917
6299
3023
3451
554
2881
6594
1930
2787
6454
18
6486
3540
1015
6927
2091
3402
7314
5249
2586
1005
1358
7863
6367
5442
2066
2235
3366
2523
1340
5717
4913
2127
5243
1940
5205
4490
5996
5612
4345
7305
1946
7748
3832
962
1383
4821
7304
4574
2201
2276
6478
6635
7025
354
5968
789
2465
1678
6688
1274
3387
1433
2314
100
1962
3256
5316
5006
1096
2227
3490
6791
4427
1972
7970
2688
4783
737
5844
6915
1113
7663
596
3701
2324
2583
6687
7061
1034
6684
3434
3585
1087
3408
7087
6025
1007
2410
3603
150
265
3817
102
191
5540
3278
1164
3580
823
1621
5136
7732
2053
6279
6501
6736
7552
847
2884
4021
1464
2065
7353
276
37
983
1524
6255
2540
6421
3493
1426
3148
2128
7519
2084
1633
719
5563
2242
5944
2669
5384
1357
6347
1879
4782
6043
7198
1507
4466
6360
7236
7423
2017
6680
6345
894
38
6515
3077
3270
2292
1991
715
7941
3732
4048
4156
922
2598
5670
1169
111
71
1799
7814
6092
5112
1842
2981
6343
4932
3441
6758
4054
1079
3279
1044
1602
4212
2899
7513
3036
1627
4461
6551
2829
7694
4710
6322
4036
7463
2946
6541
2178
1568
4339
5744
703
5939
1036
6042
3442
4140
4289
49
5673
2563
1552
4502
1635
610
7560
7587
3556
7386
3414
5351
7682
1504
6394
3092
611
6391
910
4685
906
6085
4793
7497
4572
5686
3541
1915
6319
7104
3313
2804
7884
4562
7452
792
2076
369
2888
4595
1805
2025
787
6817
2337
7354
4405
4967
3093
2275
5023
2188
7704
850
2026
4942
7106
3286
6294
2433
2077
616
5696
6654
2747
1837
1883
7737
4300
4359
7796
6057
1050
1302
2968
667
4789
5678
4819
4134
682
503
1262
3283
5718
1992
1242
5329
2691
209
4938
6260
7381
5618
1032
438
6890
2509
6832
3445
7478
1615
5085
7823
7414
3608
1957
6786
5289
5580
2956
1272
4809
7719
3831
159
3845
4952
6232
1935
709
1503
2461
5084
4002
3034
4808
5950
1932
1934
4180
6908
5444
5406
3253
7471
1380
401
542
6065
7946
3843
985
2416
1351
796
2737
1539
1126
7091
7485
3063
5456
6316
5359
7922
4596
989
5736
2428
3234
7872
233
6230
5271
5011
7191
6826
2434
3536
2283
3542
5337
2846
964
370
4168
7237
2793
5600
6956
911
7083
3975
5355
6420
6665
7896
1227
2256
5795
6625
2358
2196
4909
5354
6747
3635
1684
7827
7259
5661
7217
7671
6797
4135
1224
960
7607
6219
7761
4242
137
3399
7895
4225
7700
6001
6818
1531
5981
7936
618
7619
1054
3674
5871
6356
6459
4338
5832
5115
479
3529
6072
4125
7666
3419
194
886
3627
4837
684
7627
5905
6503
5549
3989
4352
4852
1778
2194
1375
6055
3610
1402
4424
4183
3374
2906
7059
6964
6801
639
3773
1115
1831
6211
5533
3738
5875
3217
6373
3549
6909
2874
2096
6027
5332
3062
5380
5919
4306
6094
4708
3752
5376
5202
3643
4459
6077
7017
5572
5898
2908
5614
5321
4065
2999
83
1950
4111
1208
902
6805
961
6669
2602
3716
269
1033
4787
2660
5457
1500
3389
2049
6627
4070
1001
5353
4999
3962
2382
3471
7834
5854
810
3126
5859
3878
3964
3860
5866
68
5642
4004
6553
801
2529
3584
1626
5984
3787
5248
3388
400
4396
6809
3331
7724
665
3392
1124
4
6563
3007
3851
4957
6064
6349
2781
4961
5094
366
5504
4328
7934
7788
5357
7915
3172
7944
6724
612
3128
3449
7122
7911
5551
7235
2870
7789
5713
6491
7361
6698
4557
3569
2833
3875
7097
2490
5880
6221
831
1546
5762
1663
2947
4658
2855
1061
4230
334
2213
6721
4052
2251
6413
5669
2092
5344
3757
7089
1063
2180
3945
3050
2965
4516
7916
3308
6131
4517
5425
811
1276
214
3192
7073
5104
4370
4623
3581
7238
1734
412
6811
4678
7081
2701
557
2126
1422
2928
2295
6628
5740
3799
6039
3582
1541
2055
7058
3041
3930
5579
218
1247
4843
5999
5723
530
4816
6301
1125
1246
2560
2365
4515
3681
6266
2388
1256
7212
5829
2231
4271
2780
5499
3001
2120
450
2174
5776
753
7445
3176
4537
3195
3600
4728
2606
6893
3803
5192
7370
1793
935
4402
1450
5429
816
4639
7903
7373
6068
4340
622
840
4186
6
1718
2785
2927
4654
548
2334
2648
6667
2340
353
6693
4559
3159
4781
5849
7294
1155
7735
198
5746
3311
4362
1708
5306
6145
4192
4012
2507
6602
4534
3897
6216
7918
5918
3280
5675
3806
6632
106
7951
2531
6720
1806
2085
1404
171
5837
4118
5710
3081
3682
1017
5422
437
614
1195
6143
6433
901
7726
2339
4751
5608
7534
7811
5057
6941
1723
3715
2579
1570
3520
537
4676
4344
3433
909
4605
712
3273
57
1506
5897
2258
6272
6158
1319
4885
6431
6580
959
6192
2640
3305
921
2212
6398
6875
2266
262
4078
3532
1566
3810
6787
1516
1286
5224
1165
4645
3523
4316
436
5922
4653
4944
3680
7398
7885
5037
6853
3586
735
238
7289
7280
7282
357
5933
3768
3699
739
2326
3102
3185
1835
577
3951
130
5209
6895
5719
4189
3100
5247
2114
5790
1529
5199
7374
3502
1149
6332
6982
3207
1901
7656
5748
2217
1737
5307
711
4421
5602
1210
706
7969
1384
1714
3936
4669
5235
6407
3511
3169
2427
3469
7342
278
4682
6839
6228
6715
3798
7568
2673
7438
6127
196
4792
7363
2557
1269
5013
7781
7573
1885
121
4229
939
4801
862
2381
3922
7544
2743
4939
1711
225
2131
5176
7853
1865
3365
2453
3247
5567
2038
7119
3939
6315
4763
2970
2044
5885
3089
3006
2679
3216
1341
4475
4132
5379
4038
6179
3480
1868
4130
1961
1147
5164
385
3391
2037
5482
4905
7857
7595
2760
474
5833
5242
963
6305
2034
1324
6048
4772
6535
4120
7815
5594
5623
6199
342
6176
297
4298
5514
3902
4991
3645
287
5393
6939
408
5583
2104
92
6206
6218
4969
6030
6393
2566
2003
2113
3779
4227
2863
874
6976
2923
5447
2943
1278
1391
1008
7045
632
465
6380
7128
5117
6314
1193
4584
3046
3979
3294
7324
973
7618
1261
4825
2210
3886
6155
3309
1209
4261
7092
7457
4829
5365
4055
7753
6268
6650
993
7860
7372
4864
2900
4420
1485
2478
1760
5639
5148
5118
6855
1101
2957
1144
7151
2839
8
1385
3687
757
79
7447
6208
7981
923
4890
1477
217
3638
6455
4063
2714
1694
5741
281
6987
1984
3909
1873
3440
3903
7890
5977
6070
1199
6382
2330
2730
7346
7454
347
3928
7369
2614
3227
3177
7948
3782
1656
5734
3557
7636
6368
867
6087
6226
2083
1473
4600
5729
6642
513
5680
6061
2440
1311
6943
914
4480
726
4990
2390
6729
6754
1399
6000
307
6525
6606
7253
3215
6540
279
3727
3405
3371
3517
5604
5527
7616
6880
7745
3853
4536
793
6188
5168
6018
2912
5777
3842
4326
430
7007
1871
3492
3105
4032
3724
7158
1086
4138
7422
2682
4113
7132
5659
4007
1397
5702
4715
1740
5997
6539
3022
2567
5375
6505
7429
7572
2705
6961
6474
392
50
7320
4560
7030
6311
4508
4585
5964
332
4577
6451
6106
6295
4771
6932
1530
6233
3915
3059
1732
5445
1853
2752
1789
2308
4435
6972
7489
6021
7241
1238
325
1467
5873
6450
5803
1241
7906
3577
3555
7379
1969
6365
1284
4257
2892
1892
119
553
5019
3513
6746
927
439
1180
2466
1105
5930
7945
2151
6448
2052
1306
4399
5700
7713
3094
4717
5083
69
2652
6940
6955
3297
4173
7039
5333
6922
6324
7094
5839
2232
3987
4318
1584
6437
655
7825
6617
7343
1928
7869
1833
2634
3315
333
3138
6584
3495
7352
3129
4738
6425
1995
1786
930
1133
7027
3158
6904
4541
4226
139
1844
5312
7967
7871
2914
4429
2488
837
3856
4458
5995
2693
7892
4578
2498
4479
1841
7174
680
7023
5651
176
2496
683
4898
751
3694
5063
958
4847
1593
4835
3233
5647
7570
2823
5025
1933
2917
110
5404
5146
1038
4274
2471
533
1965
6812
6150
3567
2707
5161
771
5685
5962
2138
4755
1389
6047
6190
3229
4796
6236
6935
7080
6378
360
2482
6601
5910
4569
1817
3002
3525
2089
93
4005
5629
6702
166
6554
1526
3696
2819
7596
6885
5946
2198
4360
5501
6531
2313
6225
264
6209
6253
4494
5141
5047
3651
3840
671
4376
863
3720
4478
4690
6858
6182
5086
5184
4153
5621
7048
2589
1598
2485
7062
5120
4434
526
6789
1191
6538
7418
5320
4388
2712
3047
175
7131
2133
5415
4875
3332
7170
5121
7881
1056
4450
2961
5154
6015
1476
1754
6154
1813
3415
1900
1236
1330
6521
4501
7428
6351
2524
6327
1553
5847
2088
3135
3147
603
920
270
7878
1392
7567
5986
3012
1253
7597
1623
5694
1460
6447
3448
861
403
6545
5709
6586
7629
7688
2288
3970
4294
7273
3030
2739
2954
6947
6980
2145
3194
6933
1486
6091
3048
7770
2211
978
7157
1390
7316
1300
4253
4321
3818
6622
6035
7290
5279
2973
6449
1917
6861
2101
7999
928
5048
4127
4848
2520
1447
305
6484
7725
4147
2684
839
5024
41
1498
7203
1030
4807
7243
5017
7003
2733
904
246
288
4453
1671
4607
4433
5936
7047
7227
4333
3033
1323
7529
344
3208
7052
6633
3242
5637
5487
1234
6768
1279
4581
1654
998
7542
1577
3981
3664
1512
1114
7211
7910
7296
6335
1192
1599
4260
5010
2528
3478
5797
1828
2060
6038
899
4332
699
521
251
7992
2233
2109
7923
3276
2190
7465
5149
6406
6482
5681
1355
5990
4177
3224
1296
2424
2901
6638
318
352
2702
6133
5828
6640
3693
1202
5737
7968
5210
4246
2407
4747
4553
3167
7133
2532
6802
3487
70
213
4926
2601
6889
6673
4883
4641
1766
4899
7862
6700
2470
2842
6803
3820
1905
7090
6293
3363
7930
4759
1836
2413
1336
1168
6894
3990
4024
6291
6105
3040
164
3899
7013
6761
2219
3073
7462
7111
3548
2694
3960
7498
4493
7638
133
2880
3870
502
2666
636
5233
1009
2097
52
1676
1427
7708
3196
3352
4355
6552
1508
949
4718
5345
4992
7658
6705
4384
4252
1364
4950
897
1505
4706
898
5716
5941
5327
4008
2374
1594
7553
5522
6151
7889
5972
7950
1687
6741
143
1997
7456
204
4705
565
7002
4150
5850
4172
6240
2918
6485
2893
2047
2123
1959
6582
4579
907
5191
7272
2010
5300
4943
7189
6026
1280
7437
1039
3614
6083
3821
4652
1344
306
6619
3790
4046
7876
7055
2095
3725
445
1520
2448
7874
3927
1258
6794
4336
3219
7610
6779
6298
3143
4968
1710
519
3061
3528
1205
5547
6405
6358
7562
4160
5987
2822
2221
3976
6202
4011
5420
1910
3733
746
4542
3719
6223
4464
2483
2300
5955
3251
5075
6053
4380
6841
5155
4268
6130
7399
1173
3918
7792
6911
2368
3383
1424
2391
582
2632
1794
7223
5277
6914
873
1983
6609
491
4200
5416
3290
1726
7332
5902
7561
6981
4486
5106
2820
2451
4729
7929
2649
3547
2835
7008
219
5636
5038
5555
905
7790
2671
3834
5841
80
375
3959
6051
2479
1166
1848
541
261
5978
1567
2165
1145
5802
6481
507
7468
1451
6524
4356
6093
4471
916
4794
192
5932
7802
2094
1387
1445
5373
5326
1288
1179
5591
3095
1048
2706
7531
7721
7751
2569
5743
1184
5739
5819
5518
765
3937
3381
252
3429
1661
5394
7301
3667
3154
7557
6212
7267
524
775
1481
7329
3551
5554
1931
6032
2379
4460
2370
3564
6514
6549
1601
5132
984
7046
3780
5626
2122
6290
308
117
208
6396
3722
3620
6536
418
1911
1816
4965
3325
1730
5771
2108
915
5509
3774
5810
420
7865
6273
1804
1826
637
1320
6006
2590
5830
2858
4868
6833
657
5432
5029
458
7508
7458
1428
1043
3858
1000
4112
6876
180
5236
1867
6441
1259
3457
3571
7069
6989
1608
3254
7188
7908
407
1132
309
6566
7600
7032
3197
6222
1742
974
5043
5268
1521
3065
722
7000
5633
4831
7449
1240
5190
7606
6418
2090
4041
788
2245
5290
4566
128
1764
6073
6178
6574
4822
2149
6864
5177
1870
5308
2202
3646
7200
3312
2347
1408
5495
2885
2711
3106
1099
7202
5228
4549
5895
5126
6965
3347
3688
6488
4993
7657
7798
6265
5339
6383
5511
781
7426
6636
395
4839
4438
6547
2763
1029
4279
4001
1479
3647
6957
2862
7015
2519
7477
4315
2869
1700
7826
1559
1292
804
5886
7368
2799
1579
3045
7050
6913
4884
3802
4233
4144
6823
6873
1921
7549
2160
6224
3323
7793
2841
947
2815
396
588
1527
7964
4094
3160
877
2140
5589
1116
4805
7954
7997
3800
2309
1156
1339
6036
5040
1452
1219
1373
5183
4090
6593
2762
6949
4313
3271
4767
1290
1421
2963
6377
6963
195
1693
2960
6201
7216
3538
2772
202
6653
3428
7295
6849
6440
2397
433
1748
7681
2643
5940
6844
1313
5496
1939
4465
2345
5464
4235
7953
6870
4998
5434
24
6945
484
2757
7617
6848
4980
1886
1780
895
7431
6200
5599
598
5028
2767
6309
172
2087
4538
803
6227
3334
7521
129
1717
3991
1890
4860
6122
6537
7505
2204
5378
4817
3475
564
4775
1510
2549
5906
2828
3788
5855
126
7841
1733
5435
6169
3656
6198
7084
3861
767
800
65
6548
3245
2234
7421
5701
4688
932
7993
148
6901
6658
1237
1264
6921
1309
2571
1406
2895
6646
5493
6483
4680
4813
3014
2889
7461
475
161
2244
6697
3992
4291
7939
6860
7924
1396
812
766
2681
6558
7226
7622
7011
3969
4786
4686
1996
2139
257
5856
2184
6872
1611
6249
5467
6783
2984
5845
4185
2040
4878
7194
1751
4752
3357
1204
7016
361
4631
896
5822
2794
4086
5838
2168
2107
5645
5692
7887
3155
3370
5615
2600
1556
1771
6902
1271
4266
4828
228
7645
5045
223
1407
5876
6734
5506
6436
3596
2765
3249
4395
4754
452
759
4849
2525
6780
4470
527
5943
1356
4576
7348
4601
6753
838
3438
1175
6600
1735
7674
2988
6559
4440
7743
3558
3026
3409
5655
6082
275
6355
7722
4882
4851
5480
3857
5598
5309
4602
7839
4704
5167
7984
1866
1854
6592
6523
335
7185
7849
1420
4660
707
5586
4280
7628
105
7804
3295
5197
6944
1979
3663
2171
4834
3968
1551
1186
627
2751
2317
7784
410
7778
6564
6974
6013
4509
3562
6903
6685
4665
234
4764
2615
1153
1783
2847
871
1563
6172
3165
389
4629
6728
531
6792
7875
6749
7609
2604
3972
2277
1021
5278
2254
135
7402
1720
1958
5611
3846
3607
5666
5609
7001
4947
7427
44
1643
7070
5453
2442
5601
6128
4103
4668
6167
6719
7632
2612
631
2553
4492
3632
7684
3060
3361
7569
5303
3700
109
1158
4107
677
1670
552
2775
3145
664
2411
5924
3149
7325
2935
7594
4042
3572
4833
5652
7121
7855
4331
4551
1761
7691
5883
4105
561
7821
4838
1747
2774
7270
2444
2392
6412
2402
6426
7685
7845
2784
3004
945
2627
2719
6269
5787
6732
2056
2516
1787
2778
5469
7772
714
4674
2214
6017
1511
7649
1322
7201
2977
3008
1100
4320
3477
3335
2412
1847
7254
6044
6655
2758
5407
7956
5275
1956
169
3288
4075
1076
4519
2179
3957
3838
2159
4615
6979
4522
4058
4288
165
3888
2873
601
3403
7401
6953
3479
6862
5705
55
6416
2237
569
1955
1807
6641
6395
7756
4723
2200
1312
2867
6699
2709
5660
3470
6820
5682
6926
5074
4236
1377
5858
3619
4672
2623
3241
1914
2100
808
5863
5315
46
7701
3535
4217
481
3437
2654
6513
3250
7588
3911
7204
470
1478
926
6014
2492
7480
1924
2403
7952
6281
6578
3825
4733
170
5458
158
2143
3396
7482
6583
3098
2993
7641
4481
4972
5552
304
2897
7991
2771
1973
4779
3662
3111
5071
7565
1092
4532
6659
2816
1167
1775
7958
5825
5907
1291
4962
7167
4531
7678
5538
3830
5096
3907
7520
3568
7942
6782
2548
6399
5671
3865
695
1468
2628
2635
6334
7697
3401
1639
1094
1522
522
1613
1189
769
1103
635
3124
2250
572
3661
114
2173
358
5061
7626
6978
4935
5893
4110
3181
193
5030
6134
2647
2238
5864
1316
4877
5726
190
4436
7245
51
779
60
4045
2395
600
3072
4056
4721
6492
841
2081
6923
311
7065
5089
3259
4841
7413
2274
7321
2252
3319
5857
3640
2625
3753
2373
6487
5058
5928
2653
7177
2054
7585
3749
5140
6220
4040
7053
1453
1248
2742
6102
6735
937
7524
1376
6560
5459
7530
3083
919
2111
6388
4554
2801
167
7548
5654
3503
1705
3880
2477
820
630
7988
1225
733
1371
3731
2414
7744
5534
3384
7752
3629
1444
7356
3775
7117
5358
186
5781
7846
73
4281
2929
566
2940
4035
7603
5116
870
127
6285
5479
535
5814
4528
1381
6737
4606
4049
2491
4489
3672
3097
2832
3854
1229
5060
6283
621
954
584
2009
36
7199
7608
31
3228
833
3
5912
5765
3031
5392
5362
5004
2932
7209
606
6002
6755
1217
1597
6203
4148
6689
1350
647
5811
4988
3665
6289
4322
5848
296
4872
2708
16
330
1177
4354
462
7760
3463
415
7977
3258
5878
1824
141
3866
536
3512
7036
5963
1839
866
7440
1610
2357
4026
6846
1600
3734
5952
1619
3212
2349
1560
2744
5412
7347
5488
7022
3777
3728
770
4117
2475
7303
3299
6300
2024
2150
4085
4076
732
1919
3944
2861
7288
2043
2045
1683
3358
2203
6952
3462
6532
6767
5298
7249
6146
188
1880
294
644
878
6644
3537
4364
3421
5706
5588
5779
6562
5105
1846
222
5805
3812
3291
5820
7042
6439
3087
670
6896
7580
496
4795
7335
4732
5317
3668
3447
2425
3397
5097
7435
5631
3708
3141
925
5657
493
2431
13
2581
435
4716
3754
6975
4430
590
1834
6446
5485
3498
3281
4503
6891
1461
6977
2163
6071
4937
4498
7669
5852
1394
3435
7014
7434
216
7469
5128
72
2992
1065
6733
4104
5377
4033
7683
7453
1366
4167
2146
5352
4276
2664
3424
5414
4406
3839
2280
5994
3118
5462
5178
5658
2290
2383
5325
1228
1589
2031
6936
7689
4202
2618
5039
6838
3179
1534
7795
6969
4827
1359
6757
379
6124
7327
6427
6708
4210
3268
5150
7801
6107
1409
187
5818
5318
7526
2176
2521
4408
1321
5516
2035
3921
4689
4368
528
2670
3343
5812
4255
4679
1952
6392
4702
5574
4143
4443
2944
4220
609
4594
4780
1010
3484
5913
4873
3698
6807
4211
795
1483
2683
3410
4299
205
7527
64
1221
4455
6544
5486
7576
5853
6059
7044
1652
1707
5008
1059
295
6410
5620
2449
7525
661
5750
7118
980
5475
1998
6528
3287
5851
6905
5903
5366
7957
2301
6325
7134
3514
3070
645
4108
6344
3778
6681
5000
882
3168
2185
4955
3103
466
5721
6213
6828
5328
1665
7281
4251
5926
442
7693
1203
4123
913
2468
5051
4114
3741
6020
6970
5492
7394
7757
6710
4722
3966
20
2920
692
5403
405
7535
805
3626
563
2854
6045
5323
4954
2871
4580
5280
7384
7244
3049
3248
649
5470
362
2380
7416
4263
944
145
2443
3346
6994
2393
3509
3669
7686
7502
4009
7613
2029
2896
668
2240
6205
6370
1558
6851
4477
156
1361
5185
6408
4208
3947
5346
5041
173
858
2786
6008
131
6599
6703
4088
6084
593
6652
4619
654
1414
7935
2745
3527
4369
1609
579
4628
7403
2827
3039
5163
1926
6506
4753
5625
2257
4106
5175
2028
4463
6722
3183
5834
2722
5451
7101
3762
2157
1085
4341
589
1083
5720
1369
189
686
6129
5979
1490
7412
2547
1171
2302
2371
3344
1482
7937
1314
2716
5578
4034
585
3816
3833
1022
717
5336
7010
5413
6678
1697
6424
1016
1349
2331
6308
4832
4277
3677
5668
6711
4451
3815
3289
5198
1990
7611
7779
5158
6369
7514
4953
7466
4854
6363
852
132
4224
243
2260
2486
99
6123
7139
3850
1040
5454
1232
485
5127
1845
729
1370
315
2731
3533
1822
5521
6626
6472
1298
6140
7690
1680
2462
3786
4272
4788
1802
2070
1417
5520
422
3120
3604
5419
241
3339
7315
3024
3598
3650
6748
7397
991
7759
5091
6196
6991
6675
3545
4599
5297
1090
1071
3324
6119
4383
282
3430
3639
1046
5436
7539
4626
4221
4523
1378
1994
7123
4656
2121
2415
2367
4790
6078
2882
3184
5843
3553
1603
1523
6005
1097
247
1365
4812
1055
1432
4445
3178
6661
6480
2439
6898
5497
7698
7835
3552
608
2241
1888
1543
4552
4857
7390
4096
6207
1746
5438
4742
4871
340
7107
59
2971
374
6682
7271
1538
3269
1301
7051
1582
6473
3736
5877
7820
4734
3705
5441
6080
2790
5341
1646
5009
7178
6034
5774
508
6432
3616
3794
2806
2046
6877
7574
160
7341
1790
3714
2011
1947
3965
2909
7550
2624
146
650
968
5490
6822
2939
4766
2573
5258
2791
5945
578
4248
1102
5222
3218
6067
6842
26
708
7041
4428
1062
263
6610
4482
3099
1612
3029
6929
1561
1769
7907
5062
1386
7828
713
3848
5194
1533
550
5576
6519
6163
1157
7371
7533
2782
4417
5314
7024
5439
7894
933
653
5257
515
3404
1968
2186
2117
6971
5938
1045
365
292
6278
6079
620
7404
6502
6695
4922
5267
5532
7005
7430
1462
4856
7919
7323
6214
3265
2755
6415
3460
5813
174
144
2018
2655
101
4989
3310
7186
4861
4145
6718
7109
3819
3316
6494
4195
6217
1971
3069
5565
1586
6328
3534
4311
5888
5001
1393
1037
3066
3771
283
3793
6884
5900
4425
6837
5220
7559
116
7278
6883
864
4587
6054
2119
1864
6942
1315
6215
5831
5915
3350
5107
558
6460
5335
6170
5664
4897
4101
5093
3595
7578
2919
581
7739
5286
3386
3847
2565
4892
5573
6049
1423
3326
3660
5911
1502
1441
6189
6194
1170
3375
7536
7382
2554
679
2937
1843
1211
2249
1333
2359
623
809
2206
5613
2545
2267
3003
6831
6452
5356
6320
4278
3321
444
976
2253
7794
1798
2926
4307
725
2750
4412
4079
2162
7408
2952
943
5022
7020
2535
5364
1719
2297
3652
1898
7563
4525
4214
5130
1859
5301
7136
4197
1025
1047
338
2776
3883
6050
3205
4254
5331
107
5383
1532
2153
1545
428
2805
468
7176
6333
3236
1743
1446
6041
1368
1429
4960
5756
4462
1183
4543
7749
2777
5842
1244
6624
4597
4891
329
4959
690
1492
2894
4030
5152
5568
5550
383
4974
2725
6671
3955
3117
6597
5571
2749
890
7292
2680
556
6775
1118
4191
4182
3666
7439
687
3692
2426
540
7877
1088
1755
7392
3686
7210
6772
6384
5826
3628
3320
3262
4175
2561
2446
6847
6121
2259
2651
3967
4410
1438
5400
2464
5632
4622
7840
6306
4996
5016
747
7880
3465
6348
1815
3230
7049
3285
876
1725
3601
7021
5780
4015
7642
4746
1108
3427
483
1912
421
1590
7240
3053
1066
1458
2599
5733
230
381
3119
108
5255
694
4454
7808
96
3795
763
4469
3893
696
3444
5640
5523
592
6118
7451
2951
2990
1081
5697
3622
7222
3015
5983
4312
4179
2783
7729
2831
509
2012
1978
4308
4091
6099
5635
2310
5229
2224
5026
1591
7654
4743
2996
7493
5526
1565
4390
4349
546
952
6126
7220
2141
7035
7786
5324
7484
2225
1491
1233
784
1335
6204
6184
855
4761
5237
7819
2322
3420
3624
4880
885
6621
3912
3792
440
2508
7714
5059
6790
3587
2220
6713
5870
2408
1857
641
2406
3796
4121
869
1069
4203
6104
4624
846
942
432
822
728
7491
5804
953
3925
3574
3372
7851
1572
4920
777
4231
2718
2811
1123
4625
860
210
736
4770
1893
6836
1862
4997
1400
1894
723
5585
2284
3146
4810
744
5395
2825
2657
4866
1596
5251
7322
7197
7257
3459
3811
1057
7893
4684
6248
3813
1784
2429
6362
3356
783
2958
7501
1781
4667
7523
1896
6081
7755
2152
2723
4446
2851
1682
3139
6286
2887
34
3769
2352
447
1226
5244
82
7783
7072
6993
5003
6795
6125
3170
776
1981
1878
5683
903
3018
7446
4701
2550
6444
2369
1664
404
2006
6338
2082
40
586
3755
6824
3398
2030
802
3743
5077
3710
666
3174
2810
1922
2341
